dummy,index,donki_date,cdaw_date,donki_speed,donki_ha,longitude,latitude,Accel,2nd_order_speed_final,2nd_order_speed_20R,Central_PA,MPA,sunspots,halo,target,100MeV_peak_intensity,100MeV_peak_intensity_ln,predicted_100MeV_peak_intensity_ln,predicted_thresholded,threshold_time,peak_time,expected_richardson,expected_richardson_ln,Type_2_Area,richardson_formula_degrees_phi_2_solar_wind,diffusive_shock,V log V,CMEs_past_month,CMEs_past_9_hours,CMEs_over_1000_past_9_hrs,Max_speed_past_day,solar_wind_speed,connection_angle_degrees,connection_angle_degrees_phi_2_solar_wind_sq_div
0,1,3/7/2012 0:36,3/7/2012 0:24,2200,50,-60,30,-88.2,2379,2594,360,57,106,1,1,56.311,4.030889898,0.6347057,1,218,904,1.036158836,0.035520449,40244400,0.000376543,6.62E-13,16931.66781,19,0,0,605,391.5,-114.4426017,-3.541673629
0,2,8/4/2011 4:10,8/4/2011 4:12,1950,60,40,14,-41.1,1074,1208,360,298,92,1,1,1.5055,0.409125069,0.72588,1,159,280,11.45341058,2.438287553,28532700,0.01023735,5.08E-13,14772.39007,10,0,0,1320,344.7,-29.72332974,-0.238906525
0,3,8/9/2011 8:30,8/9/2011 8:12,1175,20,62,-12,-40.6,1419,1506,360,279,61,1,1,2.2871,0.827284639,0.6341181,1,-6,30,0.73221866,-0.311676094,180000,0.010655532,1.23E-14,8306.102526,11,0,0,850,611.2,27.11866325,-0.198870172
0,4,7/23/2012 2:36,7/23/2012 2:36,2800,65,130,5,-24.6,1901,1972,360,286,63,1,2,0.726,-0.320205264,0.67277914,1,404,1189,58.35989182,4.06662887,3355800,0.002445829,8.52E-13,22224.64915,42,0,0,0,445.5,78.59866501,-1.670565208
0,5,7/8/2012 16:48,7/8/2012 16:36,1000,30,90,-50,-117.2,907,1442,212,234,117,0,2,0.669,-0.401971219,0.07647796,0,107,552,0.180230952,-1.713516185,0,0.004924581,3.53E-16,6907.755279,46,2,0,850,447.2,59.91399297,-0.970710263
0,6,9/29/2013 22:40,9/29/2013 22:12,1100,70,38,26,-5.3,1142,1164,360,343,43,1,2,0.163,-1.814005078,0.60217613,1,475,490,0.326598483,-1.119023742,19334780,0.006225984,3.78E-15,7703.372005,26,0,0,0,269.7,-52.17790241,-0.73621782
0,7,3/21/2011 2:54,3/21/2011 2:24,1000,70,130,20,8,1389,1367,360,274,24,1,2,0.205,-1.5847453,0.22556777,0,111,416,0.144798248,-1.932413898,0,0.003956427,3.53E-16,6907.755279,9,0,0,0,351,66.3262414,-1.189607977
0,8,7/31/2012 11:25,7/31/2012 11:24,750,50,-78,34,-9.3,437,505,360,51,122,1,0,0.135335283,-2.000000002,0.0847482,0,229,484,0.002330603,-6.061628372,0,0.000156629,1.50E-25,4965.054905,32,1,0,380,383.8,-127.8311598,-4.41882245
0,9,12/7/2013 21:39,12/7/2013 21:24,723,20,-105,1,-15.8,364,0,85,95,89,0,0,0.135335283,-2.000000002,0.037654493,0,229,484,0.000223018,-8.408256339,0,1.65E-05,6.16E-29,4759.804868,33,0,0,750,440.3,-157.032449,-6.668250417
0,10,11/5/2014 8:24,11/5/2014 8:36,350,12,-6,44,7.6,423,419,337,346,137,0,0,0.135335283,-2.000000002,0.034018166,0,229,484,0.015033387,-4.197481769,0,0.004264281,7.80E-54,2050.276604,46,0,0,610,490,-64.20335882,-1.114675847
0,11,6/24/2012 0:48,6/24/2012 0:48,427,38,126,-23,87.8,779,1515,58,56,20,0,0,0.135335283,-2.000000002,0.05874963,0,229,484,0.017110637,-4.068054938,0,0.003678483,2.98E-52,2586.246774,23,0,0,588,384.2,68.32668923,-1.262449016
0,12,5/7/2014 16:10,5/7/2014 15:12,290,21,-6,-40,-23.3,93,0,271,275,120,0,0,0.135335283,-2.000000002,0.029806647,0,229,484,0.006903869,-4.975673239,0,0.002430464,2.43E-55,1644.265468,56,2,0,815,331,-78.74677987,-1.676867318
0,13,2/11/2014 20:10,2/11/2014 19:24,720,44,99,-14,-7.8,504,566,248,273,158,0,0,0.135335283,-2.000000002,0.048594177,0,229,484,0.091900645,-2.387047231,0,0.006880615,2.08E-29,4737.060873,73,1,0,570,440.2,48.50587968,-0.63624131
0,14,3/30/2014 13:48,3/30/2014 13:25,453,22,-69,35,1.2,415,415,56,56,101,0,0,0.135335283,-2.000000002,0.021870585,0,229,484,0.001607679,-6.432963741,0,0.00031474,8.78E-52,2770.499133,58,1,0,707,416.3,-117.3034612,-3.720957819
0,15,8/21/2017 16:48,8/21/2017 16:12,351,16,-87,-15,-0.2,252,248,93,99,63,0,0,0.135335283,-2.000000002,0.04311193,0,229,484,0.000580969,-7.450813118,0,0.000164202,8.22E-54,2057.135964,9,0,0,0,549.7,-127.1463858,-4.371607197
0,16,1/24/2016 13:24,1/24/2016 12:48,457,15,-78,-41,-16,413,452,128,126,48,0,0,0.135335283,-2.000000002,0.04579975,0,229,484,0.001803697,-6.317916908,0,0.000348067,1.03E-51,2798.98031,26,0,0,0,486.8,-115.7061365,-3.620310987
0,17,1/11/2015 23:12,1/11/2015 19:12,690,17,-90,74,12.3,642,595,26,19,122,0,0,0.135335283,-2.000000002,0.030813426,0,229,484,0.008991458,-4.711480236,0,0.000749968,7.27E-36,4510.317202,30,1,0,250,432.8,-102.709248,-2.852674315
0,18,8/12/2015 15:12,8/12/2015 14:48,567,41,36,-22,4.8,698,687,221,234,66,0,0,0.135335283,-2.000000002,0.091179125,0,229,484,0.078245179,-2.547908058,0,0.010161918,5.23E-50,3594.983725,38,0,0,0,400.7,-30.17988237,-0.246302136
0,19,6/8/2014 3:12,6/8/2014 3:36,450,23,157,-12,-7.5,406,326,360,280,142,1,0,0.135335283,-2.000000002,0.073251374,0,229,484,0.00213246,-6.150479129,0,0.000422011,7.78E-52,2749.161412,57,0,0,0,522.3,112.5856808,-3.427673207
0,20,3/13/2014 1:25,3/13/2014 1:25,365,32,78,-10,8.4,573,702,264,277,112,0,0,0.135335283,-2.000000002,0.069550164,0,229,484,0.046374848,-3.070998038,0,0.012462913,1.69E-53,2153.462534,53,1,0,1150,325.2,12.49105465,-0.042192116
0,21,12/17/2013 1:25,12/17/2013 2:12,60,20,65,-4,1.1,85,163,247,257,121,0,0,0.135335283,-2.000000002,0.057273086,0,229,484,0.015535697,-4.164614876,0,0.012517659,5.15E-69,245.6606737,45,1,0,780,425.5,11.82444564,-0.037808955
0,22,6/25/2013 11:54,6/25/2013 11:12,600,40,178,-20,-7.6,224,194,360,173,77,1,0,0.135335283,-2.000000002,0.10585645,0,229,484,0.001122818,-6.791913393,0,0.000129489,1.46E-49,3838.157793,21,0,0,0,518.3,130.5545075,-4.609107472
0,23,4/2/2017 20:09,4/2/2017 19:24,538,30,63,9,4.1,553,547,290,302,83,0,0,0.135335283,-2.000000002,0.110976025,0,229,484,0.08529964,-2.461585043,0,0.012297183,2.01E-50,3382.867905,10,0,0,609,442.5,14.33637297,-0.055579121
0,24,9/28/2012 2:25,9/28/2012 0:12,1160,85,30,5,-27.1,716,817,360,251,85,1,0,0.135335283,-2.000000002,0.6254454,1,229,484,0.639879203,-0.446475866,9765000,0.009828432,1.00E-14,8185.16333,20,0,0,1592,370.8,-32.15928256,-0.279669945
0,25,1/14/2012 5:25,1/14/2012 4:00,255,20,-40,16,5.1,325,376,66,56,118,0,0,0.135335283,-2.000000002,0.034139503,0,229,484,0.002892332,-5.845692063,0,0.001154957,2.23E-56,1413.022204,22,0,0,0,418.2,-94.61731845,-2.420886141
0,26,5/10/2016 9:00,5/10/2016 7:00,214,25,-114,-31,7,489,403,129,128,76,0,0,0.135335283,-2.000000002,0.036965303,0,229,484,0.000142645,-8.855153243,0,6.60E-05,8.32E-58,1148.318867,26,0,0,414,588.3,-139.7698093,-5.282747322
0,27,8/19/2017 23:09,8/19/2017 20:57,302,10,-11,18,4.5,259,378,77,78,50,0,0,0.135335283,-2.000000002,0.065661974,0,229,484,0.022049202,-3.814478878,0,0.007434092,5.14E-55,1724.548959,8,0,0,0,728,-45.46110639,-0.558872957
0,28,9/1/2015 22:00,9/1/2015 22:00,676,10,-1,-21,5,289,422,174,174,43,0,0,0.135335283,-2.000000002,0.054789998,0,229,484,0.042053387,-3.168815339,0,0.003688943,1.24E-40,4404.946519,32,0,0,660,349.3,-68.24980312,-1.259609417
0,29,5/26/2016 16:12,5/26/2016 16:36,434,25,87,-19,1.4,315,353,349,356,34,0,0,0.135335283,-2.000000002,0.09491642,0,229,484,0.048622695,-3.023664875,0,0.01019289,4.01E-52,2635.701328,23,0,0,0,361.8,29.99285932,-0.243258954
0,30,6/11/2015 10:00,6/11/2015 10:00,425,11,-6,17,-8.2,626,610,67,75,95,0,0,0.135335283,-2.000000002,0.058774695,0,229,484,0.031766065,-3.449356711,0,0.006878486,2.74E-52,2572.137897,23,0,0,367,570.7,-48.51767531,-0.636550789
0,31,2/3/2015 13:36,2/3/2015 12:12,540,10,-6,-5,14.4,429,636,265,264,89,0,0,0.135335283,-2.000000002,0.056480225,0,229,484,0.050161399,-2.992509491,0,0.007179615,2.16E-50,3397.447335,37,1,0,980,563.8,-46.85633146,-0.593703569
0,32,6/23/2016 5:00,6/23/2016 4:48,250,35,-139,-11,-5.7,154,0,110,109,12,0,0,0.135335283,-2.000000002,0.0354163,0,229,484,4.41E-05,-10.02858493,0,1.79E-05,1.54E-56,1380.365229,26,0,0,0,367.3,156.0583569,-6.585779006
0,33,4/14/2014 9:09,4/14/2014 8:24,495,12,-98,24,-8.8,454,392,58,74,105,0,0,0.135335283,-2.000000002,0.024886645,0,229,484,0.000195452,-8.540193881,0,3.29E-05,4.42E-51,3071.256092,60,0,0,0,374,-148.7002914,-5.97938796
0,34,2/12/2014 23:09,2/12/2014 23:06,968,22,115,-16,-23.3,672,796,360,256,161,1,0,0.135335283,-2.000000002,0.11607762,0,229,484,0.170940572,-1.766439315,0,0.005241019,1.22E-16,6655.22466,75,1,0,755,391.8,57.96021645,-0.908433394
0,35,1/1/2015 8:24,1/1/2015 7:48,350,32,26,31,4.6,356,343,327,345,104,0,0,0.135335283,-2.000000002,0.06567014,0,229,484,0.031991074,-3.442298358,0,0.009074397,7.80E-54,2050.276604,27,0,0,0,495.7,-36.46097956,-0.359492436
0,36,8/6/2011 13:00,8/6/2011 10:24,430,32,60,-15,3.8,418,403,249,249,79,0,0,0.135335283,-2.000000002,0.10950755,0,229,484,0.054373534,-2.911877742,0,0.011563777,3.39E-52,2607.42764,11,0,0,0,504.7,20.80700825,-0.117071821
0,37,12/24/2013 11:25,12/24/2013 10:12,248,23,-92,-37,-11.2,148,0,127,129,109,0,0,0.135335283,-2.000000002,0.026866702,0,229,484,0.000132612,-8.92808651,0,5.43E-05,1.32E-56,1367.330329,50,1,0,380,285.2,-142.3303974,-5.478080588
0,38,12/2/2012 16:24,12/2/2012 16:36,820,31,178,18,-5.8,624,628,360,7,47,1,0,0.135335283,-2.000000002,0.10181506,0,229,484,0.012501302,-4.381922482,0,0.000653007,1.08E-20,5501.629559,31,1,0,470,318.2,105.1719974,-2.991116561
0,39,3/31/2014 8:54,3/31/2014 8:36,215,22,80,-3,-7.8,108,0,276,271,118,0,0,0.135335283,-2.000000002,0.05148472,0,229,484,0.02453014,-3.707852705,0,0.011312435,9.09E-58,1154.687176,60,1,0,453,398.5,22.67586831,-0.139046783
0,40,4/3/2015 7:48,4/3/2015 7:36,430,39,-95,9,-6.3,334,352,69,69,35,0,0,0.135335283,-2.000000002,0.0356732,0,229,484,0.00038955,-7.850517317,0,8.28E-05,3.39E-52,2607.42764,29,0,0,0,539.3,-136.7333929,-5.055711396
0,41,9/7/2015 10:36,9/7/2015 10:00,300,38,38,45,1.2,350,337,309,325,44,0,0,0.135335283,-2.000000002,0.05386437,0,229,484,0.022045758,-3.814635077,0,0.007486641,4.55E-55,1711.134742,30,0,0,256,539.7,-45.17371157,-0.551829155
0,42,7/4/2015 20:12,7/4/2015 20:00,626,30,-73,39,-9.4,540,634,42,41,99,0,0,0.135335283,-2.000000002,0.035946313,0,229,484,0.00425346,-5.460022523,0,0.0004467,3.16E-49,4031.033332,27,0,0,0,505.5,-111.6480174,-3.370816602
0,43,3/8/2014 18:36,3/8/2014 18:12,557,21,-96,-25,-4.6,295,258,96,115,116,0,0,0.135335283,-2.000000002,0.031591352,0,229,484,0.000279651,-8.181966449,0,3.77E-05,3.79E-50,3521.668839,54,0,0,0,371.2,-147.011718,-5.844360527
0,44,3/14/2016 18:12,3/14/2016 17:24,544,19,-90,-19,11,608,606,116,114,70,0,0,0.135335283,-2.000000002,0.043128904,0,229,484,0.00078029,-7.155844534,0,0.000110086,2.46E-50,3426.62839,22,0,0,579,498.5,-132.8336553,-4.771438612
0,45,1/8/2016 16:30,1/8/2016 16:12,662,21,66,-35,7.8,671,674,226,235,86,0,0,0.135335283,-2.000000002,0.0920877,0,229,484,0.093393924,-2.370928986,0,0.008616046,1.48E-47,4299.865798,30,0,0,0,481.8,39.00093194,-0.411323065
0,46,8/22/2016 0:48,8/22/2016 0:24,231,16,-6,13,18.1,226,662,294,297,28,0,0,0.135335283,-2.000000002,0.053353887,0,229,484,0.01035246,-4.570531085,0,0.004506966,3.51E-57,1257.198491,16,0,0,0,410.7,-62.58901225,-1.059325163
0,47,10/13/2013 15:36,10/13/2013 14:12,389,28,37,-29,8,487,448,220,221,132,0,0,0.135335283,-2.000000002,0.1793717,0,229,484,0.033368385,-3.40014638,942000,0.008225252,5.42E-53,2319.832365,31,0,0,564,339.2,-41.1427298,-0.457740458
0,48,4/7/2011 12:20,4/7/2011 12:00,990,39,140,-37,6.2,828,805,232,220,81,0,0,0.135335283,-2.000000002,0.07774518,0,229,484,0.042372227,-3.161262157,0,0.001200206,2.58E-16,6828.727894,8,1,0,550,507.5,93.86332169,-2.382456235
0,49,7/12/2016 2:00,7/12/2016 1:48,479,20,-65,33,9.5,488,609,52,60,59,0,0,0.135335283,-2.000000002,0.03632265,0,229,484,0.003357427,-5.696580251,0,0.000598562,2.43E-51,2956.244586,24,0,0,0,509,-106.6915586,-3.078174329
0,50,2/3/2016 10:24,2/3/2016 8:48,460,33,122,-32,1,291,307,236,233,83,0,0,0.135335283,-2.000000002,0.05618172,0,229,484,0.022426789,-3.7974991,0,0.004281298,1.16E-51,2820.364185,31,0,0,0,363.7,64.08855883,-1.110693178
0,51,6/16/2013 14:00,6/16/2013 14:48,800,27,-137,-39,10.5,1178,1129,123,128,104,0,0,0.135335283,-2.000000002,0.06737861,0,229,484,0.00190927,-6.261034227,0,0.000107176,1.00E-21,5347.689382,15,0,0,350,321.7,133.2060369,-4.798228306
0,52,6/2/2012 0:24,6/1/2012 23:12,495,25,95,5,0.6,636,634,260,295,151,0,0,0.135335283,-2.000000002,0.081006065,0,229,484,0.059258816,-2.82584072,0,0.00997333,4.42E-51,3071.256092,20,1,0,340,357.8,31.30652783,-0.265034799
0,53,12/29/2014 19:41,12/29/2014 20:12,290,43,-80,69,9,532,468,20,23,94,0,0,0.135335283,-2.000000002,0.028819092,0,229,484,0.00263483,-5.938936693,0,0.000927575,2.43E-55,1644.265468,26,0,0,0,649.3,-98.80892466,-2.640130772
0,54,9/17/2011 0:00,9/16/2011 23:48,630,25,58,25,19,876,823,280,294,160,0,0,0.135335283,-2.000000002,0.098875895,0,229,484,0.106052588,-2.243820195,0,0.010978459,3.55E-49,4060.803486,16,0,0,0,394.3,-25.00029564,-0.169014273
0,55,8/29/2012 9:24,8/29/2012 11:48,435,27,172,-10,-4.9,73,0,360,182,83,1,0,0.135335283,-2.000000002,0.09038685,0,229,484,0.000876401,-7.039686337,0,0.000183062,4.19E-52,2642.775524,23,0,0,0,500.3,125.5552937,-4.262880415
0,56,11/27/2014 7:12,11/27/2014 7:00,700,23,-70,25,1.9,158,253,296,297,152,0,0,0.135335283,-2.000000002,0.031710986,0,229,484,0.001738365,-6.354810392,0,0.000139868,2.80E-33,4585.756235,45,0,0,300,355.2,-129.457918,-4.532004471
0,57,3/5/2012 4:00,3/5/2012 4:00,1363,51,-70,22,-24.6,1400,1476,360,61,108,1,0,0.135335283,-2.000000002,0.46474662,1,229,484,0.017043645,-4.07197789,7800000,0.000126057,7.47E-14,9837.375397,17,1,0,1540,352.8,-130.9344276,-4.635971969
0,58,3/7/2011 20:12,3/7/2011 20:00,1980,45,50,17,-63.1,1862,2034,360,313,138,1,0,0.135335283,-2.000000002,0.75950795,1,229,484,14.73119025,2.689967032,11850000,0.011819164,5.29E-13,15029.8872,7,1,0,710,394.7,-18.76564999,-0.095227047
0,59,6/2/2013 20:24,6/2/2013 20:00,300,30,-31,-10,1,230,266,93,100,77,0,0,0.135335283,-2.000000002,0.052494377,0,229,484,0.012671109,-4.368430784,0,0.004303052,4.55E-55,1711.134742,17,0,0,0,705,-63.94216717,-1.105624863
0,60,6/28/2016 17:36,6/28/2016 17:24,426,17,161,-20,12.7,311,566,206,222,0,0,0,0.135335283,-2.000000002,0.041428156,0,229,484,0.00294009,-5.829315129,0,0.000634347,2.86E-52,2579.191162,23,1,0,677,422.2,105.68048,-3.020109208
0,61,7/22/2016 2:48,7/22/2016 2:48,714,35,95,2,7.5,838,789,262,288,39,0,0,0.135335283,-2.000000002,0.104625754,0,229,484,0.117052335,-2.14513414,0,0.008955082,2.00E-30,4691.610435,22,0,0,0,395.7,37.12612225,-0.372728219
0,62,10/15/2011 6:24,10/15/2011 7:24,544,20,-160,-9,10.3,705,643,64,61,148,0,0,0.135335283,-2.000000002,0.037096746,0,229,484,0.000296606,-8.123107206,0,4.18E-05,2.46E-50,3426.62839,27,0,0,700,430.3,145.6767564,-5.738701284
0,63,1/28/2013 23:48,1/28/2013 21:49,350,27,157,-37,3.3,286,286,216,209,61,0,0,0.135335283,-2.000000002,0.05024597,0,229,484,0.003816578,-5.568401144,0,0.001082588,7.80E-54,2050.276604,13,0,0,0,384.3,95.87351633,-2.485595223
0,64,1/28/2014 7:25,1/28/2014 6:48,150,20,90,-35,-0.3,111,83,234,225,77,0,0,0.135335283,-2.000000002,0.046985533,0,229,484,0.014829053,-4.211166973,0,0.008641605,9.20E-61,751.5952941,46,3,0,720,318.7,38.86025179,-0.408361052
0,65,5/14/2014 23:12,5/14/2014 22:12,361,14,143,64,13.3,332,544,336,339,166,0,0,0.135335283,-2.000000002,0.021724826,0,229,484,0.00711282,-4.945856474,0,0.001939245,1.38E-53,2125.884943,60,1,0,525,341.7,83.8808783,-1.902650553
0,66,9/28/2015 5:12,9/28/2015 5:00,387,31,76,3,0.6,155,192,254,262,156,0,0,0.135335283,-2.000000002,0.075778976,0,229,484,0.049179685,-3.012274639,0,0.01221031,4.93E-53,2305.910356,32,0,0,700,375.3,15.22330181,-0.062668718
0,67,5/6/2015 17:00,5/6/2015 16:48,576,29,26,-11,14.8,608,693,263,273,124,0,0,0.135335283,-2.000000002,0.07033664,0,229,484,0.082591648,-2.493846718,0,0.01038444,6.97E-50,3661.118013,53,0,0,725,434,-28.82224252,-0.224640796
0,68,6/17/2012 10:12,6/17/2012 10:12,576,20,-162,-40,-4.1,501,517,149,141,88,0,0,0.135335283,-2.000000002,0.044201206,0,229,484,0.001238391,-6.693942574,0,0.000155706,6.97E-50,3661.118013,23,1,0,530,419.3,127.9166766,-4.424736653
0,69,11/20/2012 12:09,11/20/2012 11:24,725,30,90,5,6.7,560,662,270,272,105,0,0,0.135335283,-2.000000002,0.09674419,0,229,484,0.13209642,-2.024223167,0,0.00971365,1.23E-28,4774.97445,26,0,0,0,398.5,32.82774701,-0.291417246
0,70,2/15/2013 17:48,2/15/2013 17:12,550,38,-25,20,1.7,372,345,33,50,45,0,0,0.135335283,-2.000000002,0.039972305,0,229,484,0.009439278,-4.662875773,0,0.001303274,3.01E-50,3470.455053,19,0,0,797,340.2,-92.22612597,-2.300069852
0,71,6/17/2017 7:24,6/17/2017 7:24,354,14,96,-22,-1.6,282,283,277,253,30,0,0,0.135335283,-2.000000002,0.07267528,0,229,484,0.025063806,-3.68633047,0,0.007007807,9.61E-54,2077.731107,19,0,0,0,437.2,47.80256249,-0.617924549
0,72,11/2/2011 20:39,11/2/2011 20:00,400,37,-65,23,9.8,572,531,54,58,128,0,0,0.135335283,-2.000000002,0.03489575,0,229,484,0.001084046,-6.827055103,0,0.000256841,9.03E-53,2396.585819,22,0,0,0,392.3,-120.4652376,-3.924249181
0,73,10/26/2013 11:40,10/26/2013 11:24,950,34,-70,7,-14.4,639,745,360,75,132,1,0,0.135335283,-2.000000002,0.09150081,0,229,484,0.001099052,-6.813307451,0,3.60E-05,6.10E-17,6513.638885,38,2,0,980,292.8,-147.590903,-5.89050153
0,74,7/17/2015 16:24,7/17/2015 16:00,133,30,90,0,-6.4,140,0,253,269,50,0,0,0.135335283,-2.000000002,0.06330473,0,229,484,0.016479452,-4.10564098,0,0.010209455,8.66E-62,650.4164341,29,0,0,870,381.3,29.89258179,-0.241635058
0,75,5/3/2013 18:00,5/3/2013 18:00,650,40,-89,7,-8,788,831,86,42,98,0,0,0.135335283,-2.000000002,0.04566875,0,229,484,0.000352823,-7.949543663,0,3.40E-05,6.26E-49,4210.032036,17,0,0,0,382,-148.2937496,-5.946737741
0,76,4/17/2012 18:09,4/17/2012 17:36,385,22,158,5,4.6,191,366,108,76,79,0,0,0.135335283,-2.000000002,0.029726723,0,229,484,0.003523996,-5.648159784,0,0.000881258,4.48E-53,2291.998684,30,1,0,1250,393.8,99.76285172,-2.691353863
0,77,5/7/2016 16:48,5/7/2016 16:36,342,16,-2,33,18.9,466,715,6,3,34,0,0,0.135335283,-2.000000002,0.042484585,0,229,484,0.017151517,-4.065668682,0,0.005007249,5.10E-54,1995.505272,30,1,0,194,452.7,-59.39801418,-0.954062761
0,78,11/9/2011 18:36,11/9/2011 18:48,299,20,63,-24,119.9,1216,1801,335,336,177,0,0,0.135335283,-2.000000002,0.07962761,0,229,484,0.032326162,-3.431878403,0,0.011017411,4.28E-55,1704.432628,26,1,1,1150,331.3,-24.73696094,-0.165472481
0,79,2/26/2017 10:48,2/26/2017 10:48,407,27,-75,1,1.5,412,410,94,89,38,0,0,0.135335283,-2.000000002,0.042033184,0,229,484,0.000536732,-7.53001117,0,0.000124002,1.24E-52,2445.586966,14,0,0,0,408,-131.1662861,-4.652405248
0,80,8/8/2012 5:39,8/8/2012 5:48,580,19,35,6,7,426,501,278,269,123,0,0,0.135335283,-2.000000002,0.094262145,0,229,484,0.09010337,-2.406797712,0,0.011166939,7.90E-50,3690.5563,17,0,0,430,395.3,-23.70792358,-0.15199179
0,81,10/27/2012 17:40,10/27/2012 16:48,420,36,12,24,9.1,508,483,360,350,67,1,0,0.135335283,-2.000000002,0.1393929,0,229,484,0.023115934,-3.7672331,0,0.005096338,2.20E-52,2536.906979,17,0,0,0,339.5,-58.84647574,-0.936427179
0,82,10/29/2016 23:24,10/29/2016 23:24,493,22,92,28,-10,444,330,284,276,23,0,0,0.135335283,-2.000000002,0.05432431,0,229,484,0.029392773,-3.527006459,0,0.004982585,4.11E-51,3056.851023,24,0,0,302,619,59.5515238,-0.959000537
0,83,8/28/2015 7:12,8/28/2015 6:36,309,32,74,-6,-0.6,361,358,260,266,44,0,0,0.135335283,-2.000000002,0.085596316,0,229,484,0.038755896,-3.250472393,0,0.012741736,7.86E-55,1771.602455,31,1,0,697,338,8.614279437,-0.020066471
0,84,4/23/2014 13:25,4/23/2014 13:25,365,12,69,-42,-18.9,511,532,240,233,85,0,0,0.135335283,-2.000000002,0.056921456,0,229,484,0.028829668,-3.546350267,0,0.00774777,1.69E-53,2153.462534,56,0,0,660,413.5,43.74790268,-0.517544345
0,85,8/21/2013 5:09,8/21/2013 5:12,610,40,-2,10,-3.4,338,321,53,17,146,0,0,0.135335283,-2.000000002,0.051026046,0,229,484,0.052572328,-2.945565376,0,0.005848527,1.98E-49,3912.209964,26,0,0,917,443.2,-54.34898769,-0.798759455
0,86,12/26/2011 11:54,12/26/2011 11:48,721,30,0,21,-19.3,587,567,340,2,117,0,0,0.135335283,-2.000000002,0.04438374,0,229,484,0.04177559,-3.175443083,0,0.003116505,3.01E-29,4744.640818,36,0,0,650,321,-72.67476195,-1.428237162
0,87,7/16/2016 7:42,7/16/2016 5:36,415,15,59,-33,6.3,525,514,244,231,60,0,0,0.135335283,-2.000000002,0.082963794,0,229,484,0.039494664,-3.231589708,0,0.008865484,1.77E-52,2501.735586,24,0,0,539,575.8,37.62358892,-0.382783787
0,88,2/27/2015 17:36,2/27/2015 16:48,230,15,41,-11,-8.5,224,0,247,245,58,0,0,0.135335283,-2.000000002,0.06697976,0,229,484,0.023025546,-3.771150973,0,0.010060374,3.23E-57,1250.758241,36,0,0,255,327.7,-30.78902402,-0.256345051
0,89,7/4/2012 6:24,7/4/2012 5:12,400,27,22,-50,2.6,437,410,209,201,131,0,0,0.135335283,-2.000000002,0.057015013,0,229,484,0.025741778,-3.659640015,0,0.006098942,9.03E-53,2396.585819,36,1,0,605,542.8,-52.90342595,-0.756834093
0,90,10/17/2016 1:25,10/17/2016 0:48,275,15,92,21,6.5,180,406,293,295,27,0,0,0.135335283,-2.000000002,0.048041996,0,229,484,0.012372158,-4.392306691,0,0.004597205,9.07E-56,1544.612052,25,0,0,0,712,62.00059553,-1.03950077
0,91,2/16/2016 19:36,2/16/2016 19:36,285,18,-6,-8,-2.9,254,148,97,97,42,0,0,0.135335283,-2.000000002,0.06252141,0,229,484,0.02153893,-3.837893288,0,0.007720368,1.76E-55,1610.959416,26,0,0,0,614.3,-43.89739266,-0.521087367
0,92,12/21/2011 3:24,12/21/2011 3:12,1300,30,-137,-40,-25.5,869,977,360,134,109,1,0,0.135335283,-2.000000002,0.4890384,1,229,484,0.011117803,-4.499207592,4914000,0.000103162,4.65E-14,9321.155406,34,0,0,0,334.5,133.7348622,-4.836401671
0,93,10/6/2014 13:25,10/6/2014 13:25,160,22,-53,32,36.9,462,938,48,58,68,0,0,0.135335283,-2.000000002,0.027758397,0,229,484,0.001037274,-6.871158723,0,0.000583096,3.22E-60,812.0278104,38,0,0,0,399.7,-107.1442796,-3.104352801
0,94,6/21/2011 3:09,6/21/2011 3:16,1000,40,-7,5,-1.3,708,708,360,65,50,1,0,0.135335283,-2.000000002,0.39297235,1,229,484,0.147600293,-1.913247385,42000,0.004032989,3.53E-16,6907.755279,14,0,0,560,390.5,-65.78976008,-1.170441463
0,95,1/19/2012 13:25,1/19/2012 13:25,372,27,23,48,2.6,512,544,273,276,105,0,0,0.135335283,-2.000000002,0.04469903,0,229,484,0.018595226,-3.98485039,0,0.004872976,2.39E-53,2201.828514,25,0,0,520,352,-60.23821085,-0.981244469
0,96,4/28/2012 23:54,4/29/2012 0:48,610,16,-148,-33,-24.2,361,0,20,21,112,0,0,0.135335283,-2.000000002,0.034617655,0,229,484,0.00058424,-7.445199147,0,6.50E-05,1.98E-49,3912.209964,37,1,0,475,408.8,139.9766343,-5.298393225
0,97,9/21/2011 22:24,9/21/2011 22:12,1500,60,125,5,-3,979,997,325,305,108,0,0,0.135335283,-2.000000002,0.10468366,0,229,484,0.876822057,-0.131451206,0,0.003960238,1.59E-13,10969.83058,21,0,0,0,389.8,66.29939867,-1.188645285
0,98,5/25/2014 2:36,5/25/2014 2:24,492,28,7,27,5.6,345,385,337,346,109,0,0,0.135335283,-2.000000002,0.03977035,0,229,484,0.03772831,-3.277344535,0,0.006418669,3.96E-51,3049.651529,60,1,0,395,439.3,-51.08641105,-0.705738614
0,99,8/11/2014 0:00,8/11/2014 0:00,299,12,131,-43,-21.9,628,575,238,245,69,0,0,0.135335283,-2.000000002,0.049064975,0,229,484,0.006947843,-4.969323997,0,0.002367966,4.28E-55,1704.432628,32,0,0,225,412,79.35610275,-1.702918076
0,100,11/4/2015 2:12,11/4/2015 2:12,458,25,53,18,-3.8,407,372,284,301,100,0,0,0.135335283,-2.000000002,0.07400367,0,229,484,0.055637524,-2.888897422,0,0.010698011,1.07E-51,2806.106086,35,0,0,215,700,26.84601961,-0.1948915
0,101,10/29/2013 15:36,10/29/2013 15:24,710,12,85,53,1.6,742,734,325,317,150,0,0,0.135335283,-2.000000002,0.044189654,0,229,484,0.075222998,-2.587298267,0,0.005838401,3.63E-31,4661.338129,53,0,0,900,326.2,54.40791021,-0.800492346
0,102,10/3/2013 0:12,10/3/2013 0:00,700,34,-62,3,0.5,741,738,112,98,68,0,0,0.135335283,-2.000000002,0.045213774,0,229,484,0.007897887,-4.841159993,0,0.000635461,2.80E-33,4585.756235,25,1,0,530,524.8,-105.6497674,-3.018354072
0,103,1/27/2017 1:26,1/27/2017 3:24,199,22,-111,10,16.3,372,600,81,80,30,0,0,0.135335283,-2.000000002,0.03685845,0,229,484,7.39E-05,-9.51336589,0,3.61E-05,2.10E-58,1053.36766,14,0,0,0,603.7,-147.5465281,-5.886959969
0,104,8/12/2014 9:12,8/12/2014 9:12,210,25,-120,-3,12.1,387,600,95,92,75,0,0,0.135335283,-2.000000002,0.028368583,0,229,484,1.05E-05,-11.460307,0,4.95E-06,5.83E-58,1122.892581,34,1,0,710,448.3,-170.634718,-7.873501078
0,105,11/29/2011 23:54,11/29/2011 23:12,560,40,-160,-40,-14.3,630,698,102,119,135,0,0,0.135335283,-2.000000002,0.044883154,0,229,484,0.000979549,-6.928418639,0,0.000130463,4.18E-50,3543.644599,31,0,0,0,439.7,130.4483186,-4.601612718
0,106,12/7/2011 21:54,12/7/2011 20:57,396,17,-160,4,4.1,322,335,112,109,132,0,0,0.135335283,-2.000000002,0.028579773,0,229,484,0.000703487,-7.259461012,0,0.000169093,7.51E-53,2368.640028,39,0,0,724,313.2,126.7188199,-4.342255091
0,107,8/7/2014 9:12,8/7/2014 8:36,389,54,-172,20,1.2,164,206,16,349,123,0,0,0.135335283,-2.000000002,0.03198918,0,229,484,0.000773865,-7.164112477,0,0.000190757,5.42E-53,2319.832365,36,0,0,0,379.2,124.9474723,-4.221706555
0,108,2/20/2014 8:00,2/20/2014 8:00,854,40,79,-4,-9.5,874,907,360,268,133,1,0,0.135335283,-2.000000002,0.3000043,1,229,484,0.180070219,-1.7144084,103200,0.008322368,2.54E-19,5764.441239,75,1,0,800,594.5,40.61178604,-0.446002478
0,109,6/18/2014 6:48,6/18/2014 6:48,676,23,-48,-10,-15.5,506,325,103,117,120,0,0,0.135335283,-2.000000002,0.030979937,0,229,484,0.008353077,-4.785125314,0,0.000732736,1.24E-40,4404.946519,59,0,0,1000,414.2,-103.1268632,-2.875919392
0,110,10/22/2014 16:12,10/22/2014 16:12,382,8,-90,0,-7,369,281,82,100,123,0,0,0.135335283,-2.000000002,0.029960476,0,229,484,0.000267598,-8.226024179,0,6.76E-05,3.89E-53,2271.150672,38,0,0,300,463.5,-139.4475913,-5.258418258
0,111,9/16/2016 15:36,9/16/2016 15:12,301,17,-68,-1,29.7,608,853,90,97,13,0,0,0.135335283,-2.000000002,0.040037975,0,229,484,0.000124421,-8.99183846,0,4.21E-05,4.84E-55,1717.84019,13,1,0,324,295.3,-145.5997085,-5.732632538
0,112,10/16/2015 13:25,10/16/2015 13:36,330,41,-100,3,-22.5,95,0,88,89,59,0,0,0.135335283,-2.000000002,0.030626813,0,229,484,4.08E-05,-10.10613008,0,1.24E-05,2.64E-54,1913.700576,32,0,0,405,378.5,-160.3308976,-6.951324155
0,113,7/20/2017 18:24,7/20/2017 18:12,620,28,121,2,7,693,653,265,274,0,0,0,0.135335283,-2.000000002,0.060743045,0,229,484,0.030898937,-3.477033486,0,0.003315876,2.65E-49,3986.426076,16,1,0,373,459,71.07959999,-1.366227565
0,114,3/2/2015 15:56,3/2/2015 15:45,443,30,87,40,-11.8,259,331,323,318,52,0,0,0.135335283,-2.000000002,0.040860467,0,229,484,0.024941445,-3.691224389,0,0.005061844,5.84E-52,2699.451408,46,0,0,319,585.3,59.05947759,-0.943218468
0,115,11/14/2011 19:09,11/14/2011 17:12,675,30,-56,62,-7.2,403,360,39,39,164,0,0,0.135335283,-2.000000002,0.033124972,0,229,484,0.00854269,-4.762679294,0,0.000752071,4.85E-41,4397.431066,25,0,0,0,370.7,-102.6588122,-2.849873372
0,116,9/29/2014 5:00,9/29/2014 4:48,567,11,-60,7,-7.3,371,353,85,91,180,0,0,0.135335283,-2.000000002,0.029732365,0,229,484,0.001866753,-6.283554975,0,0.00024244,5.23E-50,3594.983725,45,0,0,0,372,-121.3476312,-3.981949054
0,117,8/15/2010 8:12,8/15/2010 8:24,620,30,35,28,9.3,446,532,302,306,38,0,0,0.135335283,-2.000000002,0.08687262,0,229,484,0.082854083,-2.490674254,0,0.008891369,2.65E-49,3986.426076,5,0,0,950,375.7,-37.48003594,-0.379868333
0,118,2/19/2014 0:00,2/18/2014 23:24,500,38,-65,59,7.1,652,587,32,44,126,0,0,0.135335283,-2.000000002,0.018887823,0,229,484,0.00398031,-5.526395573,0,0.000657941,5.31E-51,3107.304049,77,0,0,851,414.8,-105.0395855,-2.983589651
0,119,9/21/2012 7:30,9/21/2012 6:24,790,37,-150,41,4.1,685,670,360,46,84,1,0,0.135335283,-2.000000002,0.07777833,0,229,484,0.001585125,-6.447091988,0,9.22E-05,2.51E-22,5270.906027,18,1,1,2319,461,135.2729163,-4.948286067
0,120,10/2/2014 4:24,10/2/2014 4:24,291,42,-93,41,40,1054,1196,29,2,126,0,0,0.135335283,-2.000000002,0.026683988,0,229,484,0.000282638,-8.171344787,0,9.91E-05,2.59E-55,1650.937071,42,0,0,600,354.3,-134.2831394,-4.876138866
0,121,12/31/2016 1:39,12/31/2016 1:36,558,15,-104,34,-2.1,685,681,49,57,11,0,0,0.135335283,-2.000000002,0.040571965,0,229,484,0.000307358,-8.087495911,0,4.12E-05,3.91E-50,3528.992301,18,0,0,0,315,-145.864341,-5.753489989
0,122,6/17/2014 9:12,6/17/2014 9:12,1000,35,105,-55,-11.1,1127,1168,360,229,95,1,0,0.135335283,-2.000000002,0.16759072,0,229,484,0.153798426,-1.872112458,0,0.004202345,3.53E-16,6907.755279,59,0,0,654,361.8,64.62333613,-1.129306537
0,123,1/14/2012 23:25,1/15/2012 0:36,290,20,-58,-15,-8.5,372,0,97,101,118,0,0,0.135335283,-2.000000002,0.03512776,0,229,484,0.000696101,-7.270016145,0,0.000245058,2.43E-55,1644.265468,23,0,0,255,355.8,-121.1838909,-3.971210224
0,124,6/4/2013 23:36,6/4/2013 21:28,600,50,-100,-10,4,531,492,99,107,51,0,0,0.135335283,-2.000000002,0.047668897,0,229,484,0.000486783,-7.627692396,0,5.61E-05,1.46E-49,3838.157793,17,0,0,0,532.5,-141.8985207,-5.444886475
0,125,5/6/2014 9:12,5/6/2014 8:48,300,8,88,-24,-35.2,625,0,76,71,148,0,0,0.135335283,-2.000000002,0.052692205,0,229,484,0.027688748,-3.586729164,0,0.009402975,4.55E-55,1711.134742,53,0,0,916,368,34.61023187,-0.323923242
0,126,1/6/2012 21:25,1/6/2012 20:48,463,44,-130,42,2.4,486,468,38,35,113,0,0,0.135335283,-2.000000002,0.03038033,0,229,484,0.000401288,-7.820830839,0,7.58E-05,1.31E-51,2841.767626,31,0,0,0,435.5,137.9331814,-5.144824917
0,127,3/28/2014 23:48,3/28/2014 23:48,820,32,36,25,-4,459,476,325,327,122,0,0,0.135335283,-2.000000002,0.16466057,0,229,484,0.192551819,-1.64738997,424800,0.01005797,1.08E-20,5501.629559,53,2,0,776,419.7,-30.80337335,-0.256584048
0,128,12/21/2015 10:48,12/21/2015 10:48,309,23,-80,-20,-14.2,270,0,107,117,18,0,0,0.135335283,-2.000000002,0.033804093,0,229,484,0.000251525,-8.287966675,0,8.27E-05,7.86E-55,1771.602455,30,1,0,416,376.8,-136.7583989,-5.057560753
0,129,11/30/2011 23:54,11/30/2011 23:24,525,30,40,15,-0.3,233,232,176,174,132,0,0,0.135335283,-2.000000002,0.07701656,0,229,484,0.07935331,-2.533845122,0,0.011988048,1.29E-50,3288.284088,32,0,0,560,470.2,-17.31135356,-0.0810392
0,130,9/23/2014 7:41,9/23/2014 7:24,472,62,-127,9,-8.2,713,711,360,85,119,1,0,0.135335283,-2.000000002,0.0733766,0,229,484,2.68E-05,-10.52656836,0,4.90E-06,1.86E-51,2906.094081,45,0,0,795,415.2,170.7372106,-7.882962436
0,131,1/21/2014 2:36,1/21/2014 5:24,384,32,125,-5,-22.6,181,0,112,112,129,0,0,0.135335283,-2.000000002,0.037907317,0,229,484,0.021427377,-3.843085862,0,0.005377746,4.28E-53,2285.04674,41,2,0,764,337,57.13274385,-0.882679941
0,132,12/12/2016 3:24,12/12/2016 4:00,206,30,100,-6,4.6,285,349,261,266,12,0,0,0.135335283,-2.000000002,0.060560662,0,229,484,0.011434559,-4.471115005,0,0.005446865,4.05E-58,1097.542491,16,0,0,0,527,56.71793182,-0.869909083
0,133,10/26/2011 10:24,10/26/2011 10:00,470,37,31,10,5.1,345,403,298,289,104,0,0,0.135335283,-2.000000002,0.08479641,0,229,484,0.057216118,-2.860919641,0,0.010536397,1.72E-51,2891.784367,23,0,0,0,401,-27.87472932,-0.210113719
0,134,2/1/2015 14:36,2/1/2015 16:48,550,44,-75,67,65.7,567,1305,181,182,113,0,0,0.135335283,-2.000000002,0.032570854,0,229,484,0.006814997,-4.988629656,0,0.000940941,3.01E-50,3470.455053,35,0,0,0,613.8,-98.54083505,-2.625823735
0,135,1/3/2016 7:12,1/3/2016 4:24,598,18,53,-25,25.1,709,806,262,264,51,0,0,0.135335283,-2.000000002,0.10559309,0,229,484,0.094419613,-2.360006457,0,0.010967637,1.38E-49,3823.367271,31,0,0,0,449.2,25.07313267,-0.170000536
0,136,2/4/2015 20:48,2/4/2015 20:12,332,16,-54,53,3.3,360,419,42,33,96,0,0,0.135335283,-2.000000002,0.02572862,0,229,484,0.002776955,-5.886400372,0,0.000840427,2.95E-54,1927.30481,39,0,0,250,425.5,-100.6382724,-2.738794451
0,137,1/12/2012 8:24,1/12/2012 8:24,710,45,-102,31,-1.1,803,809,360,52,52,1,0,0.135335283,-2.000000002,0.09737041,0,229,484,0.000706559,-7.255103715,0,5.48E-05,3.63E-31,4661.338129,26,1,0,315,415.2,-142.2032533,-5.468297794
0,138,9/16/2012 14:12,9/16/2012 14:00,456,28,153,32,-2.5,219,36,45,38,64,0,0,0.135335283,-2.000000002,0.037736367,0,229,484,0.005708317,-5.165831073,0,0.001105529,9.90E-52,2791.856721,14,0,0,0,405.3,95.46823456,-2.464625151
0,139,4/16/2012 13:36,4/16/2012 13:25,430,15,80,-35,7,637,663,237,233,61,0,0,0.135335283,-2.000000002,0.08710091,0,229,484,0.041258713,-3.187892955,0,0.00877461,3.39E-52,2607.42764,27,0,0,0,359.2,38.12657668,-0.393087033
0,140,7/6/2015 15:12,7/6/2015 15:12,473,41,-102,-31,9.8,763,696,105,136,97,0,0,0.135335283,-2.000000002,0.04284792,0,229,484,0.000432223,-7.746569029,0,7.87E-05,1.93E-51,2913.252119,30,0,0,297,485.5,-137.4193231,-5.106563108
0,141,5/1/2011 14:24,5/1/2011 14:24,580,32,-65,18,1,331,331,70,62,70,0,0,0.135335283,-2.000000002,0.04407377,0,229,484,0.006460032,-5.042120992,0,0.000800623,7.90E-50,3690.5563,11,0,0,0,617.3,-101.5258151,-2.787315071
0,142,11/9/2016 1:25,11/9/2016 1:25,724,27,-49,23,-9,457,448,73,64,14,0,0,0.135335283,-2.000000002,0.04095177,0,229,484,0.002918909,-5.836545413,0,0.000215415,8.74E-29,4767.388968,26,1,0,282,296,-123.1353558,-4.100139492
0,143,12/10/2012 15:15,12/10/2012 15:48,450,35,-152,8,-6.5,186,122,48,110,43,0,0,0.135335283,-2.000000002,0.036139686,0,229,484,0.000549195,-7.507056579,0,0.000108685,7.78E-52,2749.161412,26,0,0,0,307.8,133.0118751,-4.784250657
0,144,8/28/2013 15:36,8/28/2013 15:24,622,34,-135,-28,-1.7,513,531,117,140,50,0,0,0.135335283,-2.000000002,0.043712344,0,229,484,0.000252523,-8.284008731,0,2.69E-05,2.81E-49,4001.288738,25,1,0,520,439.7,151.1791308,-6.18040281
0,145,4/27/2011 2:48,4/27/2011 2:36,950,20,-57,25,4.6,966,943,32,62,73,0,0,0.135335283,-2.000000002,0.060620613,0,229,484,0.010214759,-4.583921674,0,0.00033415,6.10E-17,6513.638885,10,0,0,0,367.7,-116.3563752,-3.661115752
0,146,2/24/2017 22:09,2/24/2017 21:48,379,20,116,1,4.9,399,380,252,266,27,0,0,0.135335283,-2.000000002,0.053275827,0,229,484,0.010940826,-4.515254019,0,0.002795752,3.36E-53,2250.326222,14,0,0,0,564.3,75.38742776,-1.536848097
0,147,2/23/2017 11:09,2/23/2017 11:12,675,20,-44,29,-12.2,356,178,45,49,24,0,0,0.135335283,-2.000000002,0.04690932,0,229,484,0.015674839,-4.155698485,0,0.001379963,4.85E-41,4397.431066,14,0,0,0,485.3,-91.07259028,-2.242892564
0,148,2/24/2014 23:36,2/24/2014 23:24,1050,29,129,-25,-32.3,527,511,267,226,153,0,0,0.135335283,-2.000000002,0.043325145,0,229,484,0.106303289,-2.241459058,0,0.002426127,1.34E-15,7304.372715,75,0,0,612,446,78.78870032,-1.678653136
0,149,8/20/2012 21:28,8/20/2012 21:28,960,25,-150,3,-2.4,491,495,360,85,80,1,0,0.135335283,-2.000000002,0.11758204,0,229,484,0.000290599,-8.143567864,0,9.17E-06,9.04E-17,6592.255953,22,1,0,230,499.2,163.8154622,-7.256761942
0,150,4/6/2015 1:25,4/6/2015 0:48,285,31,90,55,4.2,277,328,295,307,53,0,0,0.135335283,-2.000000002,0.03590024,0,229,484,0.011225509,-4.489566545,0,0.004023647,1.76E-55,1610.959416,31,1,0,415,503.8,65.85490706,-1.172760623
0,151,11/27/2013 23:12,11/27/2013 22:12,704,25,-52,-24,-1.5,556,565,114,112,73,0,0,0.135335283,-2.000000002,0.041520536,0,229,484,0.001995779,-6.216720781,0,0.000158284,2.19E-32,4615.971963,33,1,0,950,286.5,-127.6790835,-4.40831486
0,152,2/9/2012 6:00,2/9/2012 5:24,247,30,79,47,10,561,501,307,313,29,0,0,0.135335283,-2.000000002,0.05782021,0,229,484,0.015597456,-4.160647481,0,0.006410311,1.23E-56,1360.818919,16,0,0,0,409.7,51.13354756,-0.707041559
0,153,9/29/2012 9:24,9/29/2012 9:12,484,28,40,15,4.3,613,596,289,268,79,0,0,0.135335283,-2.000000002,0.071976304,0,229,484,0.048950648,-3.016942669,0,0.008571242,2.94E-51,2992.129095,21,0,0,950,298.8,-39.24732975,-0.416536748
0,154,11/25/2014 1:25,11/25/2014 0:00,640,25,170,-20,10.6,616,528,176,194,117,0,0,0.135335283,-2.000000002,0.036361232,0,229,484,0.005926839,-5.128264201,0,0.000591846,4.72E-49,4135.339633,44,1,0,475,369.7,106.8869343,-3.089458279
0,155,6/12/2014 18:54,6/12/2014 18:48,236,34,-113,13,-42.1,203,0,128,123,197,0,0,0.135335283,-2.000000002,0.018862715,0,229,484,1.82E-05,-10.91353086,0,7.79E-06,5.24E-57,1289.464306,58,2,0,370,376.5,-165.6513254,-7.420324937
0,156,11/16/2012 1:25,11/16/2012 0:48,643,47,-96,-14,-7.7,569,620,360,107,142,1,0,0.135335283,-2.000000002,0.10250374,0,229,484,0.000326462,-8.02719739,0,3.22E-05,5.14E-49,4157.731058,26,0,0,0,409.3,-148.9463328,-5.999191469
0,157,10/7/2010 9:36,10/7/2010 7:24,515,32,76,41,17.7,813,659,294,319,0,0,0,0.135335283,-2.000000002,0.089283176,0,229,484,0.05251313,-2.946692036,0,0.008224054,9.10E-51,3215.745954,5,0,0,0,317.7,41.14927524,-0.457886115
0,158,8/13/2011 10:36,8/13/2011 10:36,800,30,141,22,-20.6,439,384,310,306,18,0,0,0.135335283,-2.000000002,0.062244438,0,229,484,0.051048959,-2.974970128,0,0.002865621,1.00E-21,5347.689382,15,1,0,300,339.8,74.7795643,-1.512164207
0,159,1/26/2014 21:54,1/26/2014 21:48,420,34,-91,-54,-2.7,580,600,152,162,97,0,0,0.135335283,-2.000000002,0.03910792,0,229,484,0.001010533,-6.897277106,0,0.000222791,2.20E-52,2536.906979,41,0,0,729,349.7,-122.6287505,-4.066471185
0,160,4/7/2014 21:28,4/7/2014 21:28,510,37,124,-32,-1.4,470,475,228,231,114,0,0,0.135335283,-2.000000002,0.036438,0,229,484,0.018483701,-3.990865964,0,0.002947299,7.62E-51,3179.54947,63,1,0,436,433.5,74.08140141,-1.484060042
0,161,7/10/2015 16:00,7/10/2015 14:48,116,34,104,47,3.5,300,292,308,327,103,0,0,0.135335283,-2.000000002,0.03739647,0,229,484,0.008116648,-4.813837958,0,0.005345833,5.65E-63,551.4164622,33,0,0,450,345.5,57.32504924,-0.888632036
0,162,2/22/2014 12:24,2/22/2014 12:12,1061,30,139,-54,9.5,1093,1071,247,204,146,0,0,0.135335283,-2.000000002,0.049330954,0,229,484,0.073134088,-2.615460704,0,0.001604311,1.72E-15,7391.952134,75,0,0,840,436.8,87.96111747,-2.092254783
0,163,3/6/2012 7:52,3/6/2012 8:12,545,20,-20,28,4.4,645,644,34,43,115,0,0,0.135335283,-2.000000002,0.040126976,0,229,484,0.015308323,-4.179358636,0,0.002151998,2.55E-50,3433.928258,18,1,0,605,379.3,-81.55395722,-1.798552714
0,164,1/27/2014 0:12,1/27/2014 0:12,400,29,170,-21,11.7,678,659,216,183,76,0,0,0.135335283,-2.000000002,0.034732852,0,229,484,0.003223414,-5.737314197,0,0.000763716,9.03E-53,2396.585819,42,1,0,729,343.5,102.3816956,-2.834508276
0,165,11/26/2015 16:12,11/26/2015 16:36,320,19,100,-7,2,329,339,249,258,65,0,0,0.135335283,-2.000000002,0.0885766,0,229,484,0.038157259,-3.266039266,0,0.012057851,1.50E-54,1845.862719,30,0,0,0,270.2,16.6797155,-0.075233345
0,166,8/13/2012 9:46,8/13/2012 9:36,550,25,95,-12,-19.4,423,477,259,257,74,0,0,0.135335283,-2.000000002,0.08148739,0,229,484,0.052455432,-2.947791379,0,0.007242482,3.01E-50,3470.455053,15,0,0,0,461,46.51103335,-0.584985458
0,167,2/19/2014 5:00,2/19/2014 4:48,810,59,-151,-13,-30.8,417,0,360,90,126,1,0,0.135335283,-2.000000002,0.06796838,0,229,484,0.000352755,-7.949737113,0,1.91E-05,3.49E-21,5424.597741,77,1,0,500,456.8,155.3119427,-6.522931192
0,168,11/2/2013 21:48,11/2/2013 21:25,493,40,-24,-25,-0.6,371,362,152,135,101,0,0,0.135335283,-2.000000002,0.031296156,0,229,484,0.010317313,-4.573931908,0,0.001748964,4.11E-51,3056.851023,56,1,0,1078,371.3,-86.12731447,-2.005925987
0,169,9/19/2015 2:48,9/19/2015 2:48,310,11,-6,5,20.9,366,751,82,87,64,0,0,0.135335283,-2.000000002,0.042318273,0,229,484,0.01476796,-4.215295286,0,0.0048378,8.34E-55,1778.337412,32,1,0,744,421.8,-60.46018252,-0.988489365
0,170,2/28/2017 3:36,2/28/2017 6:00,256,17,89,8,2.5,233,240,260,279,58,0,0,0.135335283,-2.000000002,0.077214524,0,229,484,0.024502543,-3.708978367,0,0.009749119,2.39E-56,1419.565426,14,0,0,206,400.2,32.62181026,-0.287772446
0,171,7/14/2015 10:00,7/14/2015 9:36,180,25,-129,-50,5.5,209,381,159,139,43,0,0,0.135335283,-2.000000002,0.035052072,0,229,484,0.000257591,-8.264137268,0,0.000134744,3.11E-59,934.7322332,34,1,0,185,439.3,129.9899508,-4.569331346
0,172,4/6/2013 12:00,4/6/2013 11:48,520,25,35,6,-11.3,270,0,273,284,113,0,0,0.135335283,-2.000000002,0.0912722,0,229,484,0.064697111,-2.73803873,0,0.009951433,1.08E-50,3251.990982,8,0,0,0,347.7,-31.43607684,-0.267232809
0,173,8/18/2012 1:30,8/18/2012 0:48,544,30,20,50,12.5,1099,1028,62,43,54,0,0,0.135335283,-2.000000002,0.05596415,0,229,484,0.033664658,-3.391306714,0,0.004749544,2.46E-50,3426.62839,20,0,0,0,375.2,-61.02064512,-1.006900793
0,174,7/27/2012 17:48,7/27/2012 17:48,423,49,-67,-24,-17.1,223,0,120,124,110,0,0,0.135335283,-2.000000002,0.034957305,0,229,484,0.000655086,-7.33074353,0,0.000142875,2.51E-52,2558.038432,34,0,0,323,343.5,-129.153814,-4.510737609
0,175,2/20/2016 14:24,2/20/2016 14:24,925,32,-6,-8,-5.4,433,411,360,273,52,1,0,0.135335283,-2.000000002,0.18550666,0,229,484,0.14975891,-1.898728543,0,0.005360336,2.04E-17,6317.559207,28,0,0,0,450.5,-57.23759128,-0.885922622
0,176,4/5/2012 19:48,4/5/2012 19:24,608,36,99,33,7.6,566,575,64,59,53,0,0,0.135335283,-2.000000002,0.061877992,0,229,484,0.064693111,-2.738100558,0,0.007248936,1.86E-49,3897.386328,21,1,0,322,357,46.47560614,-0.584094637
0,177,5/25/2012 0:00,5/24/2012 22:12,580,18,53,25,5.4,651,605,311,294,94,0,0,0.135335283,-2.000000002,0.09368382,0,229,484,0.08754925,-2.435553787,0,0.010850395,7.90E-50,3690.5563,19,0,0,0,496.2,25.85354149,-0.180747866
0,178,7/6/2014 20:24,7/6/2014 20:12,201,20,-6,45,5.8,309,456,332,336,185,0,0,0.135335283,-2.000000002,0.02372263,0,229,484,0.003124556,-5.768463189,0,0.001515419,2.54E-58,1065.964287,51,0,0,407,276.8,-89.15129487,-2.149257268
0,179,10/31/2015 2:00,10/31/2015 1:48,344,13,55,38,-9.4,372,211,307,316,86,0,0,0.135335283,-2.000000002,0.05306741,0,229,484,0.028773333,-3.548306252,0,0.008339882,5.67E-54,2009.18073,29,1,0,655,326.2,-40.51596503,-0.44390033
0,180,10/19/2015 0:48,10/19/2015 0:36,400,25,-90,7,4.5,399,381,66,87,94,0,0,0.135335283,-2.000000002,0.030299472,0,229,484,0.000202835,-8.503119353,0,4.81E-05,9.03E-53,2396.585819,34,1,0,270,420.5,-143.9095517,-5.600313431
0,181,10/24/2016 0:36,10/24/2016 0:24,462,19,116,33,6.3,493,549,318,316,15,0,0,0.135335283,-2.000000002,0.049156807,0,229,484,0.021561206,-3.836859585,0,0.004086528,1.26E-51,2834.63098,23,1,0,264,411.2,65.41807125,-1.157253663
0,182,1/15/2015 4:24,1/15/2015 4:12,193,32,-27,44,-6.3,192,0,19,20,59,0,0,0.135335283,-2.000000002,0.027381016,0,229,484,0.003819361,-5.567672236,0,0.001906527,1.18E-58,1015.699206,36,0,0,257,416.7,-84.25512466,-1.919666315
0,183,3/4/2016 9:36,3/4/2016 9:36,298,20,-104,18,4.6,342,422,10,10,111,0,0,0.135335283,-2.000000002,0.031411767,0,229,484,5.13E-05,-9.877553722,0,1.76E-05,4.02E-55,1697.733859,23,0,0,0,379.8,-156.3160637,-6.6075478
0,184,1/2/2011 18:00,1/2/2011 15:24,300,35,119,2,21,610,724,268,262,48,0,0,0.135335283,-2.000000002,0.070719965,0,229,484,0.017209619,-4.062286828,0,0.005844309,4.55E-55,1711.134742,8,0,0,0,354.5,54.37352658,-0.799480907
0,185,4/7/2014 20:24,4/7/2014 18:12,300,24,28,66,5.4,405,353,345,348,114,0,0,0.135335283,-2.000000002,0.026195632,0,229,484,0.010772216,-4.530785086,0,0.003658196,4.55E-55,1711.134742,62,0,0,436,427.8,-68.47617797,-1.267979164
0,186,5/4/2014 0:24,5/4/2014 0:12,431,35,151,41,1.6,471,487,328,353,127,0,0,0.135335283,-2.000000002,0.025983375,0,229,484,0.008283967,-4.793433333,0,0.001755444,3.54E-52,2614.492587,53,2,0,630,346,86.04787602,-2.002227412
0,187,4/25/2015 18:48,4/25/2015 18:48,650,25,100,25,-27.5,330,0,304,307,69,0,0,0.135335283,-2.000000002,0.055531483,0,229,484,0.09170274,-2.389203024,0,0.008833508,6.26E-49,4210.032036,45,1,0,1020,324.3,37.80074715,-0.386397103
0,188,9/10/2011 10:24,9/10/2011 8:48,899,42,64,14,28.1,954,864,275,257,80,0,0,0.135335283,-2.000000002,0.12454079,0,229,484,0.292968939,-1.227688686,0,0.011515185,5.28E-18,6114.353448,18,1,0,603,478,21.17790506,-0.121282764
0,189,11/14/2012 4:36,11/14/2012 4:24,642,38,-25,-23,-10.6,383,260,113,107,133,0,0,0.135335283,-2.000000002,0.043815155,0,229,484,0.019489523,-3.937878234,0,0.001932234,5.00E-49,4150.265691,25,1,0,834,392.2,-83.9606754,-1.906272313
0,190,2/28/2013 1:25,2/27/2013 23:36,357,25,-76,-21,6.7,467,430,108,108,70,0,0,0.135335283,-2.000000002,0.037925173,0,229,484,0.000211317,-8.462152046,0,5.84E-05,1.12E-53,2098.351674,24,0,0,621,323.7,-141.371891,-5.404546124
0,191,1/13/2014 14:12,1/13/2014 11:24,597,23,6,52,7.9,488,429,356,351,117,0,0,0.135335283,-2.000000002,0.04502887,0,229,484,0.046641137,-3.065272368,0,0.005437302,1.34E-49,3815.974517,34,1,0,450,691.8,-56.77519282,-0.871666447
0,192,7/4/2013 21:42,7/4/2013 20:12,600,45,-120,-15,-7.1,358,391,111,109,121,0,0,0.135335283,-2.000000002,0.103207976,0,229,484,7.36E-05,-9.516608549,243000,8.49E-06,1.46E-49,3838.157793,25,0,0,0,363,164.6827317,-7.333802627
0,193,12/14/2012 2:24,12/14/2012 1:24,900,45,95,-5,1.9,349,407,256,252,60,0,0,0.135335283,-2.000000002,0.12731947,0,229,484,0.295892936,-1.217757592,0,0.01158832,5.59E-18,6122.155287,24,0,0,0,305.7,20.6177418,-0.11495167
0,194,3/13/2016 23:12,3/13/2016 23:12,450,39,20,34,4.6,483,437,336,345,57,0,0,0.135335283,-2.000000002,0.058277488,0,229,484,0.034643507,-3.362644955,0,0.006855905,7.78E-52,2749.161412,22,1,0,579,401,-48.64282831,-0.639839033
0,195,4/4/2014 21:48,4/4/2014 21:12,468,25,-73,53,7.6,509,471,58,50,158,0,0,0.135335283,-2.000000002,0.019387146,0,229,484,0.002338271,-6.058343618,0,0.000433706,1.59E-51,2877.483162,60,2,0,445,411,-112.1358498,-3.400337697
0,196,12/6/2010 18:30,12/6/2010 17:24,630,37,-63,-35,14.7,795,676,125,129,29,0,0,0.135335283,-2.000000002,0.06343931,0,229,484,0.002017851,-6.205722247,0,0.000208886,3.55E-49,4060.803486,4,0,0,0,329.8,-123.5966366,-4.130916325
0,197,5/3/2015 16:12,5/3/2015 16:24,448,25,-96,45,-6.5,587,523,46,51,44,0,0,0.135335283,-2.000000002,0.023717549,0,229,484,0.000682515,-7.289725587,0,0.000136045,7.17E-52,2734.947368,51,1,0,817,388.5,-129.8531606,-4.559719665
0,198,5/14/2012 17:24,5/14/2012 17:00,483,29,-95,-21,0.4,461,459,106,123,119,0,0,0.135335283,-2.000000002,0.03675667,0,229,484,0.000305268,-8.094321175,0,5.36E-05,2.83E-51,2984.948044,32,0,0,500,431,-142.489248,-5.490315253
0,199,2/1/2014 6:54,2/1/2014 4:00,381,29,-130,5,2.9,249,311,80,112,94,0,0,0.135335283,-2.000000002,0.025933884,0,229,484,5.77E-05,-9.759420148,0,1.47E-05,3.70E-53,2264.206562,50,0,0,728,322.8,158.4386828,-6.788214226
0,200,6/2/2016 16:24,6/2/2016 16:00,386,13,133,7,-8.9,406,319,276,277,14,0,0,0.135335283,-2.000000002,0.05099988,0,229,484,0.015110287,-4.192379482,0,0.003765105,4.70E-53,2298.953225,26,0,0,0,350,67.69389799,-1.23917356
0,201,6/27/2013 20:24,6/27/2013 20:12,751,28,44,-42,-11.1,438,478,217,218,61,0,0,0.135335283,-2.000000002,0.104236014,0,229,484,0.118048749,-2.136657615,0,0.007905017,1.89E-25,4972.675644,22,0,0,0,427.3,-42.89028286,-0.497451694
0,202,3/13/2014 22:54,3/13/2014 22:12,383,35,139,31,-7.2,265,0,312,332,112,0,0,0.135335283,-2.000000002,0.027693376,0,229,484,0.005387772,-5.223623266,0,0.001357075,4.08E-53,2278.097401,51,0,0,365,484,91.41151426,-2.259617344
0,203,5/11/2014 6:48,5/11/2014 6:36,892,21,-90,-30,-4.5,772,798,117,113,150,0,0,0.135335283,-2.000000002,0.0396173,0,229,484,0.002103249,-6.164272023,0,8.48E-05,3.51E-18,6059.77179,57,1,0,457,403.7,-136.4214032,-5.032666102
0,204,10/25/2011 7:12,10/25/2011 6:24,380,25,-75,-4,6.4,466,430,88,97,110,0,0,0.135335283,-2.000000002,0.037846986,0,229,484,0.000785467,-7.149232112,0,0.000199992,3.53E-53,2257.265076,22,0,0,0,464.5,-124.2458372,-4.17442619
0,205,1/15/2013 8:24,1/15/2013 8:12,450,30,10,-20,5.3,260,402,217,211,110,0,0,0.135335283,-2.000000002,0.07813255,0,229,484,0.038700528,-3.251902025,0,0.007658784,7.78E-52,2749.161412,14,0,0,0,455.5,-44.23344198,-0.529096103
0,206,1/28/2015 22:30,1/28/2015 22:00,755,16,-97,-26,-19.1,633,742,128,120,141,0,0,0.135335283,-2.000000002,0.046279334,0,229,484,0.000685762,-7.284979431,0,4.53E-05,4.69E-25,5003.171901,37,0,0,0,393.8,-144.6766105,-5.660173509
0,207,12/2/2012 10:40,12/2/2012 10:24,470,23,170,23,-2.2,322,290,328,304,47,0,0,0.135335283,-2.000000002,0.037596617,0,229,484,0.00456946,-5.388360194,0,0.00084147,1.72E-51,2891.784367,30,0,0,0,334.8,100.6154844,-2.737554273
0,208,2/21/2015 0:24,2/21/2015 0:12,311,25,-145,-50,21.9,530,710,163,155,58,0,0,0.135335283,-2.000000002,0.04229727,0,229,484,0.000667224,-7.312385096,0,0.000217789,8.85E-55,1785.075596,31,0,0,300,341.3,122.9706656,-4.089179174
0,209,4/22/2013 16:48,4/22/2013 16:24,380,34,100,-17,1.9,415,413,251,247,89,0,0,0.135335283,-2.000000002,0.10959881,0,229,484,0.04521511,-3.096323967,0,0.011512476,3.53E-53,2257.265076,8,0,0,0,263,21.19843699,-0.121518045
0,210,7/28/2016 22:24,7/28/2016 22:24,350,45,10,7,5.2,368,395,252,251,13,0,0,0.135335283,-2.000000002,0.08121099,0,229,484,0.033634222,-3.392211212,0,0.009540483,7.80E-54,2050.276604,22,0,0,0,530.8,-33.82574115,-0.309405291
0,211,7/12/2015 18:12,7/12/2015 18:00,545,28,-97,17,-7.9,339,211,80,76,71,0,0,0.135335283,-2.000000002,0.033814803,0,229,484,0.000745145,-7.201931157,0,0.00010475,2.55E-50,3433.928258,33,0,0,0,586.7,-133.5234853,-4.821125235
0,212,1/13/2015 15:24,1/13/2015 15:24,600,45,135,26,-11.5,341,248,306,300,101,0,0,0.135335283,-2.000000002,0.03603894,0,229,484,0.017577358,-4.041143668,0,0.002027111,1.46E-49,3838.157793,34,1,0,880,433.2,82.89832922,-1.858337747
0,213,8/12/2016 19:09,8/12/2016 19:12,505,16,161,-4,-7.4,292,0,248,277,71,0,0,0.135335283,-2.000000002,0.041287124,0,229,484,0.00202368,-6.202837699,0,0.000328545,6.36E-51,3143.402007,22,0,0,0,517.3,116.6248752,-3.678031778
0,214,12/30/2015 3:12,12/30/2015 1:48,444,17,44,-19,11.8,498,529,232,243,37,0,0,0.135335283,-2.000000002,0.092258975,0,229,484,0.053945636,-2.919778483,0,0.010908876,6.09E-52,2706.546106,32,0,0,0,374,-25.46620767,-0.175372562
0,215,4/4/2017 7:00,4/4/2017 7:00,386,10,90,22,-8.8,435,294,287,309,76,0,0,0.135335283,-2.000000002,0.0712067,0,229,484,0.033799072,-3.387321937,0,0.008421882,4.70E-53,2298.953225,13,0,0,516,412,40.06695675,-0.434116015
0,216,8/8/2015 8:36,8/8/2015 8:12,357,12,-93,60,5,476,521,36,31,93,0,0,0.135335283,-2.000000002,0.023015782,0,229,484,0.001518804,-6.489832042,0,0.000420094,1.12E-53,2098.351674,39,1,0,829,483.5,-112.6604287,-3.43222612
0,217,8/18/2017 13:48,8/18/2017 11:12,496,21,-109,-9,5.8,406,387,84,82,45,0,0,0.135335283,-2.000000002,0.045988936,0,229,484,0.000203636,-8.49917624,0,3.41E-05,4.59E-51,3078.46166,10,0,0,0,567.2,-148.2342951,-5.941970319
0,218,7/5/2012 23:39,7/5/2012 22:00,1000,28,55,-42,-38.7,661,855,220,235,129,0,0,0.135335283,-2.000000002,0.21689308,0,229,484,0.294789427,-1.221493985,154000,0.008054744,3.53E-16,6907.755279,42,0,0,640,438.7,42.07360762,-0.478688063
0,219,7/25/2011 20:18,7/25/2011 18:12,660,43,170,-8,7,394,510,360,188,29,1,0,0.135335283,-2.000000002,0.12763654,0,229,484,0.001625632,-6.42185873,0,0.000151056,8.26E-49,4284.878291,6,0,0,0,556.3,128.3541401,-4.455052809
0,220,10/21/2013 0:48,10/21/2013 0:48,458,45,63,-69,31.2,445,886,315,317,128,0,0,0.135335283,-2.000000002,0.060017828,0,229,484,0.018294456,-4.001157209,0,0.003517667,1.07E-51,2806.106086,32,0,0,615,303.3,-69.52586181,-1.307151287
0,221,6/30/2014 18:48,6/30/2014 18:36,437,19,82,6,1.8,286,318,261,262,132,0,0,0.135335283,-2.000000002,0.06360784,0,229,484,0.058079855,-2.84593641,0,0.012044629,4.55E-52,2656.930806,51,1,0,675,345.8,16.80089716,-0.076330488
0,222,2/20/2015 9:12,2/20/2015 8:24,300,27,12,-65,44.7,483,1061,336,344,64,0,0,0.135335283,-2.000000002,0.058704834,0,229,484,0.008172494,-4.806981202,0,0.002775342,4.55E-55,1711.134742,31,0,0,0,348,-75.56692522,-1.544175281
0,223,1/21/2014 0:00,1/21/2014 2:24,135,32,110,-2,-23.8,398,0,262,267,129,0,0,0.135335283,-2.000000002,0.04480462,0,229,484,0.01318071,-4.329000848,0,0.008107215,1.16E-61,662.2120951,40,2,0,764,335.8,41.78728083,-0.472194927
0,224,10/27/2014 6:12,10/27/2014 6:00,237,36,45,-24,-3.8,226,0,246,234,107,0,0,0.135335283,-2.000000002,0.07113282,0,229,484,0.025087707,-3.685377315,0,0.010688602,5.67E-57,1295.930253,36,0,0,379,398.3,-26.90655335,-0.195771393
0,225,10/6/2014 20:00,10/6/2014 20:00,160,30,95,-7,-1.5,131,0,268,266,68,0,0,0.135335283,-2.000000002,0.050827842,0,229,484,0.015843682,-4.144984482,0,0.008906406,3.22E-60,812.0278104,40,2,0,365,394,37.39658159,-0.37817856
0,226,1/5/2014 0:54,1/4/2014 23:12,650,40,96,11,0.7,575,575,273,283,134,0,0,0.135335283,-2.000000002,0.053212933,0,229,484,0.071942135,-2.63189317,0,0.006930016,6.26E-49,4210.032036,44,1,0,750,470.3,48.23240245,-0.629087249
0,227,9/14/2014 3:12,9/14/2014 2:48,430,45,32,7,9.4,585,564,280,273,104,0,0,0.135335283,-2.000000002,0.08374899,0,229,484,0.056903307,-2.866401827,0,0.012101791,3.39E-52,2607.42764,39,0,0,300,490.5,-16.27149837,-0.071595906
0,228,5/25/2015 23:48,5/25/2015 23:12,349,32,-82,18,9.3,537,519,81,71,67,0,0,0.135335283,-2.000000002,0.031035816,0,229,484,9.10E-05,-9.304957212,0,2.59E-05,7.40E-54,2043.420101,37,0,0,0,302.7,-151.6449889,-6.218551291
0,229,1/24/2015 8:00,1/24/2015 8:36,160,17,-30,-26,24.7,569,867,149,144,59,0,0,0.135335283,-2.000000002,0.03911816,0,229,484,0.002495087,-5.993431805,0,0.001402594,3.22E-60,812.0278104,35,0,0,0,376.8,-90.74173526,-2.226625884
0,230,5/26/2014 22:00,5/26/2014 21:48,837,23,111,-21,-24,441,593,246,250,91,0,0,0.135335283,-2.000000002,0.0658161,0,229,484,0.161804471,-1.821366642,0,0.007950133,5.90E-20,5632.862747,64,1,0,362,314,42.64423928,-0.49176072
0,231,10/22/2014 17:36,10/22/2014 17:36,326,16,-5,-72,-9.9,157,0,202,208,123,0,0,0.135335283,-2.000000002,0.041892957,0,229,484,0.007541602,-4.887320616,0,0.002332253,2.11E-54,1886.528546,39,1,0,382,461.3,-79.70939806,-1.718114694
0,232,6/17/2015 7:48,6/17/2015 6:48,175,23,52,44,2.8,596,580,332,329,80,0,0,0.135335283,-2.000000002,0.04808653,0,229,484,0.014371171,-4.242531082,0,0.007653968,1.81E-59,903.8375454,27,2,0,490,491.5,44.25972936,-0.52972516
0,233,2/13/2013 0:00,2/13/2013 2:36,500,35,58,-23,3.2,359,392,252,255,38,0,0,0.135335283,-2.000000002,0.12695116,0,229,484,0.068067034,-2.687262262,0,0.011251405,5.31E-51,3107.304049,0,0,0,0,379.8,-23.11275727,-0.144456341
0,234,6/3/2014 4:31,6/3/2014 4:45,361,35,-116,-54,7.1,634,613,183,189,74,0,0,0.135335283,-2.000000002,0.03053824,0,229,484,0.00067045,-7.307561657,0,0.000182792,1.38E-53,2125.884943,65,1,0,592,317.5,125.5770182,-4.264355736
0,235,5/31/2017 9:39,5/31/2017 9:12,303,22,104,-9,1,218,256,258,258,0,0,0,0.135335283,-2.000000002,0.07808314,0,229,484,0.023695715,-3.742461035,0,0.007960519,5.47E-55,1731.26104,9,0,0,421,368.5,42.58759221,-0.490455114
0,236,10/27/2013 3:48,10/27/2013 3:48,562,33,67,12,-5.1,357,321,286,275,148,0,0,0.135335283,-2.000000002,0.071975835,0,229,484,0.091437658,-2.392097874,0,0.012090952,4.46E-50,3558.30404,40,1,0,950,293,-16.37300342,-0.072491953
0,237,7/2/2012 19:48,7/2/2012 20:24,715,29,8,-35,-10.5,353,478,185,189,128,0,0,0.135335283,-2.000000002,0.0727831,0,229,484,0.101480351,-2.287890084,0,0.007735849,3.00E-30,4699.182018,33,1,0,1100,632.3,-43.81293455,-0.519084163
0,238,8/31/2017 5:24,8/31/2017 5:12,333,11,80,4,-1.8,225,126,286,271,73,0,0,0.135335283,-2.000000002,0.07579989,0,229,484,0.031280884,-3.464748095,0,0.009432934,3.12E-54,1934.111449,10,1,0,327,500.8,34.43986871,-0.320742173
0,239,12/13/2011 23:24,12/14/2011 0:24,360,30,112,51,10.3,532,622,247,249,81,0,0,0.135335283,-2.000000002,0.034639683,0,229,484,0.011548629,-4.46118855,0,0.003159983,1.31E-53,2118.997451,39,0,0,468,450.7,72.32141425,-1.414382628
0,240,5/19/2014 12:00,5/19/2014 11:48,310,13,93,6,3.2,325,390,275,269,102,0,0,0.135335283,-2.000000002,0.051783726,0,229,484,0.032780786,-3.417912734,0,0.010738577,8.34E-55,1778.337412,63,1,0,370,341.8,26.58407405,-0.191106813
0,241,6/5/2014 9:54,6/5/2014 10:00,377,48,-129,-42,-9.5,102,0,89,89,87,0,0,0.135335283,-2.000000002,0.027337095,0,229,484,0.000357694,-7.935832048,0,9.21E-05,3.05E-53,2236.456436,62,0,0,572,337.2,135.2994317,-4.950226126
0,242,5/2/2014 10:12,5/2/2014 10:00,270,27,-106,55,-38.1,233,0,45,56,115,0,0,0.135335283,-2.000000002,0.018929658,0,229,484,0.000513371,-7.574512176,0,0.000194221,6.45E-56,1511.573929,51,1,0,894,343.3,-124.6808154,-4.203706255
0,243,10/28/2013 14:12,10/28/2013 14:12,1100,35,80,27,-42.2,805,859,283,303,147,0,0,0.135335283,-2.000000002,0.09456285,0,229,484,0.559251339,-0.581156285,0,0.010661072,3.78E-15,7703.372005,46,0,0,900,278.8,-27.08319855,-0.198350363
0,244,12/23/2015 4:36,12/23/2015 4:00,514,5,-6,8,14.9,261,613,324,326,68,0,0,0.135335283,-2.000000002,0.04836464,0,229,484,0.035806422,-3.329628002,0,0.005627849,8.78E-51,3208.502758,35,2,0,501,465.3,-55.64213561,-0.837222081
0,245,6/5/2015 20:48,6/5/2015 22:36,219,30,63,-48,9.5,258,457,128,122,90,0,0,0.135335283,-2.000000002,0.06495468,0,229,484,0.014461284,-4.236280261,0,0.006573688,1.29E-57,1180.206709,24,0,0,0,286.5,-50.21524976,-0.68187434
0,246,8/17/2011 3:24,8/17/2011 2:48,595,25,-56,-25,-4.2,490,520,114,110,51,0,0,0.135335283,-2.000000002,0.04702869,0,229,484,0.004937812,-5.310833035,0,0.000579797,1.26E-49,3801.194036,17,0,0,992,431.7,-107.2421571,-3.110027114
0,247,9/17/2016 12:18,9/17/2016 11:24,436,12,99,5,4.3,653,663,283,286,14,0,0,0.135335283,-2.000000002,0.10465889,0,229,484,0.05442256,-2.910976504,0,0.011326881,4.37E-52,2649.852018,14,0,0,324,297.8,22.57156651,-0.137770583
0,248,12/30/2015 3:24,12/30/2015 4:48,193,12,-6,45,4.9,264,374,311,319,37,0,0,0.135335283,-2.000000002,0.03229632,0,229,484,0.005887818,-5.134869732,0,0.002939047,1.18E-58,1015.699206,33,1,0,444,374,-74.15134774,-1.486863811
0,249,8/18/2014 1:25,8/18/2014 1:25,270,17,-24,27,-1.7,108,0,53,51,105,0,0,0.135335283,-2.000000002,0.02658917,0,229,484,0.002201785,-6.118486688,0,0.000832992,6.45E-56,1511.573929,38,0,0,0,293.3,-100.8014061,-2.747680766
0,250,12/17/2014 5:00,12/17/2014 5:00,603,29,5,-30,-2.1,559,571,360,162,178,1,0,0.135335283,-2.000000002,0.22432284,0,229,484,0.046628689,-3.065539288,22500,0.005319695,1.60E-49,3860.35607,30,1,1,1103,404.7,-57.48292259,-0.893533366
0,251,1/30/2014 8:36,1/30/2014 8:24,472,45,-61,-17,-11,337,256,360,112,99,1,0,0.135335283,-2.000000002,0.07859748,0,229,484,0.00131345,-6.635097924,0,0.000240138,1.86E-51,2906.094081,49,0,0,0,369,-121.4929522,-3.991492003
0,252,5/2/2014 5:36,5/2/2014 5:36,894,25,-99,1,-16.4,604,713,94,94,115,0,0,0.135335283,-2.000000002,0.039616745,0,229,484,0.000222,-8.412832964,0,8.88E-06,3.95E-18,6075.360963,50,0,0,332,351.5,-164.17248,-7.288427042
0,253,8/7/2012 14:26,8/7/2012 14:26,230,16,-80,30,-4.1,170,0,81,77,122,0,0,0.135335283,-2.000000002,0.034741748,0,229,484,0.00028875,-8.149948174,0,0.000126161,3.23E-57,1250.758241,0,0,0,0,387.5,-130.9227102,-4.635142253
0,254,10/17/2015 21:36,10/17/2015 21:36,193,25,-65,-15,-12.7,129,0,103,110,79,0,0,0.135335283,-2.000000002,0.03119921,0,229,484,0.000322793,-8.038498301,0,0.00016113,1.18E-58,1015.699206,33,0,0,0,358.2,-127.4207237,-4.390492379
0,255,11/7/2014 18:08,11/7/2014 18:08,800,52,-26,21,-24.4,632,643,33,75,106,0,0,0.135335283,-2.000000002,0.044190217,0,229,484,0.049977836,-2.996175642,0,0.002805494,1.00E-21,5347.689382,47,0,0,667,475.2,-75.30206655,-1.53336972
0,256,1/21/2015 0:36,1/21/2015 0:24,500,9,-6,9,-9.5,442,435,69,84,43,0,0,0.135335283,-2.000000002,0.035768814,0,229,484,0.012111432,-4.413605466,0,0.002002006,5.31E-51,3107.304049,35,0,0,1350,297.3,-83.1758181,-1.870799545
0,257,7/9/2015 0:00,7/9/2015 0:00,302,28,-61,-36,-23.6,134,0,339,334,110,0,0,0.135335283,-2.000000002,0.03650225,0,229,484,0.001027203,-6.880915235,0,0.000346331,5.14E-55,1724.548959,34,0,0,329,372.5,-115.7859829,-3.625309314
0,258,8/17/2013 1:48,8/17/2013 1:25,425,23,-71,51,5.1,478,440,42,38,100,0,0,0.135335283,-2.000000002,0.02976983,0,229,484,0.004640579,-5.37291606,0,0.001004851,2.74E-52,2572.137897,25,0,0,1000,747.8,-97.29998609,-2.560110139
0,259,5/19/2014 8:48,5/19/2014 8:12,323,22,-17,40,-0.3,238,234,21,15,102,0,0,0.135335283,-2.000000002,0.021598434,0,229,484,0.00604105,-5.109177367,0,0.001888491,1.78E-54,1866.1817,62,1,0,370,348.5,-84.4634596,-1.929171446
0,260,3/23/2014 4:09,3/23/2014 3:36,700,52,-35,4,2.3,841,834,360,97,151,1,0,0.135335283,-2.000000002,0.09408492,0,229,484,0.025119056,-3.684128536,0,0.002021069,2.80E-33,4585.756235,51,0,0,824,478,-82.96487828,-1.861322615
0,261,5/24/2014 22:54,5/24/2014 22:00,395,23,-110,30,31.2,557,901,175,174,109,0,0,0.135335283,-2.000000002,0.025064157,0,229,484,0.00017562,-8.64718629,0,4.24E-05,7.17E-53,2361.659877,60,0,0,0,439.5,-145.5202893,-5.726380368
0,262,12/13/2014 5:48,12/13/2014 5:48,449,20,-93,45,-7.3,204,121,56,45,140,0,0,0.135335283,-2.000000002,0.028089417,0,229,484,0.001378983,-6.586408978,0,0.000273883,7.47E-52,2742.053277,29,0,0,0,557.7,-119.4750656,-3.860003056
0,263,6/26/2012 19:45,6/26/2012 21:12,380,55,-105,-27,-16.7,256,0,66,64,36,0,0,0.135335283,-2.000000002,0.03581237,0,229,484,0.00012118,-9.018232691,0,3.09E-05,3.53E-53,2257.265076,25,1,0,800,380.5,-149.4944554,-6.043426769
0,264,3/19/2014 5:12,3/19/2014 3:12,340,34,47,20,4.3,135,328,287,312,141,0,0,0.135335283,-2.000000002,0.051752992,0,229,484,0.032543364,-3.425181799,0,0.009569428,4.58E-54,1981.84151,51,0,0,350,307,-33.65973847,-0.306375877
0,265,11/28/2013 9:09,11/28/2013 9:12,412,30,3,33,-0.7,261,245,328,351,106,0,0,0.135335283,-2.000000002,0.03287665,0,229,484,0.009680944,-4.637595851,0,0.002196707,1.55E-52,2480.66162,32,1,0,950,278.3,-81.08641539,-1.77798993
0,266,1/22/2012 8:54,1/22/2012 6:00,438,28,65,-20,10,570,527,246,248,109,0,0,0.135335283,-2.000000002,0.09868459,0,229,484,0.054822096,-2.903661953,0,0.011328179,4.75E-52,2664.011883,24,0,0,0,421.8,22.56218088,-0.137656032
0,267,3/20/2014 19:12,3/20/2014 18:24,534,24,-78,-1,9.6,696,639,78,91,139,0,0,0.135335283,-2.000000002,0.030045489,0,229,484,0.000201564,-8.509404221,0,2.95E-05,1.76E-50,3353.731378,51,0,0,393,318,-150.0570415,-6.0889983
0,268,11/1/2014 20:06,11/1/2014 19:12,736,53,-161,-36,-22.9,364,555,181,140,90,0,0,0.135335283,-2.000000002,0.040529165,0,229,484,0.001251189,-6.683661365,0,8.84E-05,3.89E-27,4858.505367,40,0,0,1800,492.7,135.8480925,-4.990455443
0,269,6/9/2014 17:24,6/9/2014 17:12,535,13,-116,-16,16.2,300,642,248,259,156,0,0,0.135335283,-2.000000002,0.028158043,0,229,484,0.000105425,-9.157510928,0,1.54E-05,1.82E-50,3361.01271,57,0,0,857,472.3,-157.8832705,-6.740705007
0,270,9/10/2011 3:54,9/10/2011 3:12,603,29,17,49,1.5,639,628,333,323,80,0,0,0.135335283,-2.000000002,0.062412463,0,229,484,0.050096466,-2.993804818,0,0.005715321,1.60E-49,3860.35607,17,0,0,0,494.3,-55.12723753,-0.821798896
0,271,8/6/2010 0:00,8/5/2010 23:26,300,20,41,13,-3.4,325,316,300,302,51,0,0,0.135335283,-2.000000002,0.10913051,0,229,484,0.036453454,-3.311719059,0,0.01237943,4.55E-55,1711.134742,2,0,0,0,515.3,-13.44919258,-0.048913137
0,272,7/14/2015 6:36,7/14/2015 6:24,185,28,90,17,-0.2,197,190,283,291,43,0,0,0.135335283,-2.000000002,0.05582006,0,229,484,0.015952457,-4.13814241,0,0.008195727,5.25E-59,965.7658276,34,0,0,0,442.7,41.30402322,-0.461336488
0,273,5/1/2015 22:12,5/1/2015 22:12,200,32,95,-8,-7.3,138,0,264,250,19,0,0,0.135335283,-2.000000002,0.049090263,0,229,484,0.017645881,-4.037252902,0,0.008589172,2.31E-58,1059.663473,47,1,0,975,405.3,39.14875393,-0.414446981
0,274,10/11/2015 6:48,10/11/2015 7:24,468,11,-107,-15,-0.2,521,523,137,136,30,0,0,0.135335283,-2.000000002,0.0421462,0,229,484,0.000138565,-8.884168371,0,2.57E-05,1.59E-51,2877.483162,26,0,0,0,470,-151.7377631,-6.226162449
0,275,11/8/2012 2:48,11/8/2012 2:36,680,55,-86,25,-15.2,695,800,360,46,65,1,0,0.135335283,-2.000000002,0.10808635,0,229,484,0.001467562,-6.524152534,0,0.000126895,4.24E-39,4435.023103,15,0,0,366,456.7,-130.8408337,-4.629346613
0,276,11/28/2013 3:12,11/28/2013 3:24,447,26,-55,-4,12.6,530,586,98,97,106,0,0,0.135335283,-2.000000002,0.0314468,0,229,484,0.000446917,-7.713137948,0,8.94E-05,6.88E-52,2727.843692,33,1,0,950,283.5,-135.6993347,-4.979532026
0,277,1/25/2015 16:24,1/25/2015 15:24,268,26,-75,0,2.8,343,378,94,85,62,0,0,0.135335283,-2.000000002,0.028982084,0,229,484,0.000128578,-8.958971653,0,4.90E-05,5.62E-56,1498.384511,36,1,0,350,333.8,-143.6607506,-5.580965731
0,278,7/6/2012 7:12,7/6/2012 7:12,352,30,150,-6,-2.7,691,678,233,236,132,0,0,0.135335283,-2.000000002,0.03108896,0,229,484,0.003373943,-5.691673244,0,0.000950167,8.66E-54,2063.998174,43,1,0,1000,444.2,98.35759736,-2.616067322
0,279,5/8/2014 16:48,5/8/2014 16:36,600,18,-151,-30,-12,303,0,127,137,132,0,0,0.135335283,-2.000000002,0.029606419,0,229,484,0.00079471,-7.137533541,0,9.17E-05,1.46E-49,3838.157793,56,0,0,800,359.5,135.360935,-4.954727619
0,280,6/5/2011 6:24,6/5/2011 6:26,760,50,-54,35,-3.4,545,544,292,293,80,0,0,0.135335283,-2.000000002,0.0386292,0,229,484,0.015986048,-4.136038933,0,0.001036362,1.37E-24,5041.322009,11,1,1,2500,518.5,-96.71144542,-2.529233011
0,281,2/24/2012 3:46,2/24/2012 3:46,815,55,-12,32,13.3,925,874,341,1,58,0,0,0.135335283,-2.000000002,0.067401595,0,229,484,0.067174191,-2.700466173,0,0.003572584,6.23E-21,5463.098312,10,0,0,550,431.3,-69.11265882,-1.291660251
0,282,2/14/2013 5:09,2/14/2013 4:36,822,17,84,45,-8.2,779,805,326,312,35,0,0,0.135335283,-2.000000002,0.085241474,0,229,484,0.130221249,-2.038520359,0,0.006753325,1.34E-20,5517.050605,18,0,0,0,372.7,49.21253488,-0.654914437
0,283,1/30/2016 16:48,1/30/2016 16:36,585,25,-51,-3,2.6,513,514,100,91,36,0,0,0.135335283,-2.000000002,0.037794303,0,229,484,0.000855487,-7.063840199,0,0.000104133,9.24E-50,3727.392931,30,0,0,856,277.2,-133.6052872,-4.827034278
0,284,5/15/2014 20:48,5/15/2014 20:48,610,34,-96,-34,-17.8,465,545,90,155,156,0,0,0.135335283,-2.000000002,0.031346228,0,229,484,0.000454009,-7.697394582,0,5.05E-05,1.98E-49,3912.209964,62,0,0,361,331.3,-143.2692461,-5.55058866
0,285,10/9/2013 22:00,10/9/2013 21:24,490,15,-57,-77,-6.8,334,293,169,174,106,0,0,0.135335283,-2.000000002,0.04822913,0,229,484,0.007189132,-4.935184857,0,0.001231916,3.67E-51,3035.258642,29,1,0,400,477,-93.34821531,-2.356378935
0,286,9/1/2015 1:25,9/1/2015 0:36,660,14,-105,-25,-2.4,546,529,116,115,43,0,0,0.135335283,-2.000000002,0.04323379,0,229,484,0.000264059,-8.239337434,0,2.45E-05,8.26E-49,4284.878291,31,0,0,455,365.7,-152.301745,-6.272531512
0,287,4/10/2014 16:36,4/10/2014 14:36,300,30,-88,-15,8.7,376,452,106,110,65,0,0,0.135335283,-2.000000002,0.02543563,0,229,484,0.000126858,-8.972440262,0,4.31E-05,4.55E-55,1711.134742,64,0,0,440,379.8,-145.3073563,-5.70963434
0,288,2/8/2016 0:00,2/8/2016 0:48,393,44,-90,55,3.5,316,371,224,229,89,0,0,0.135335283,-2.000000002,0.029315908,0,229,484,0.001164087,-6.755818584,0,0.000282843,6.54E-53,2347.707177,30,0,0,332,397.7,-118.975843,-3.827812663
0,289,3/17/2016 3:24,3/17/2016 3:12,219,17,100,3,-1.1,193,127,269,274,72,0,0,0.135335283,-2.000000002,0.046216268,0,229,484,0.01107504,-4.503061338,0,0.005034398,1.29E-57,1180.206709,25,0,0,670,561.5,59.22944986,-0.948655417
0,290,5/16/2016 22:36,5/17/2016 0:12,366,17,88,26,-3.2,276,152,301,296,55,0,0,0.135335283,-2.000000002,0.05563144,0,229,484,0.025946196,-3.651730261,0,0.0069478,1.77E-53,2160.3638,29,0,0,0,498.8,48.13405249,-0.62652434
0,291,2/2/2014 9:36,2/2/2014 8:48,745,67,140,-20,-2.9,552,571,261,235,118,0,0,0.135335283,-2.000000002,0.044618174,0,229,484,0.032630412,-3.42251054,0,0.002232774,4.41E-26,4926.971243,53,1,0,474,382.7,80.71420991,-1.761704619
0,292,12/3/2011 11:24,12/3/2011 11:24,622,30,97,30,6.9,735,696,299,300,154,0,0,0.135335283,-2.000000002,0.055121813,0,229,484,0.065393636,-2.727330337,0,0.00696728,2.81E-49,4001.288738,35,1,0,512,398.2,48.02637701,-0.623724415
0,293,1/12/2015 15:36,1/12/2015 15:36,880,27,-45,3,-16.9,940,1023,84,82,124,0,0,0.135335283,-2.000000002,0.04867721,0,229,484,0.021766413,-3.827387174,0,0.000916098,1.66E-18,5966.331279,31,1,0,690,424,-99.04163505,-2.652581253
0,294,9/6/2016 6:24,9/6/2016 6:24,539,10,160,22,0.9,383,384,324,318,43,0,0,0.135335283,-2.000000002,0.042990353,0,229,484,0.00238417,-6.038904317,0,0.000342478,2.08E-50,3390.156693,16,0,0,0,548,115.964525,-3.636498395
0,295,5/1/2014 10:24,5/1/2014 10:12,332,11,-93,28,-6.5,200,0,51,64,88,0,0,0.135335283,-2.000000002,0.021800311,0,229,484,0.00012882,-8.957097139,0,3.90E-05,2.95E-54,1927.30481,52,1,0,375,337.3,-146.5725026,-5.809491217
0,296,8/31/2010 21:20,8/31/2010 21:17,1200,28,145,-35,-12.5,1240,1267,360,206,30,1,0,0.135335283,-2.000000002,0.24524045,0,229,484,0.180818828,-1.7102597,0,0.002404869,1.69E-14,8508.092203,7,0,0,0,334.7,78.99496231,-1.687453778
0,297,11/15/2015 23:36,11/15/2015 23:24,692,28,27,-27,-2.9,462,468,226,216,56,0,0,0.135335283,-2.000000002,0.081858896,0,229,484,0.099584394,-2.306749812,0,0.008246637,2.65E-35,4525.393481,32,1,0,451,387.5,-41.02587119,-0.455143891
0,298,9/19/2014 5:25,9/19/2014 4:37,100,20,-90,-10,-0.6,171,131,106,108,79,0,0,0.135335283,-2.000000002,0.02611819,0,229,484,5.15E-05,-9.874273341,0,3.59E-05,2.76E-64,460.5170186,42,0,0,310,388.3,-147.6030031,-5.891467419
0,299,5/4/2015 9:48,5/4/2015 9:48,560,65,-135,15,-9.8,566,635,360,71,103,1,0,0.135335283,-2.000000002,0.06337453,0,229,484,0.000112487,-9.092669289,0,1.50E-05,4.18E-50,3543.644599,54,2,0,577,375.5,158.1776303,-6.765863368
0,300,9/9/2015 6:00,9/9/2015 3:36,500,9,-6,-22,8.9,506,526,245,245,57,0,0,0.135335283,-2.000000002,0.057337116,0,229,484,0.026470488,-3.631724827,0,0.004375542,5.31E-51,3107.304049,30,0,0,340,415.3,-63.45724634,-1.088918906
0,301,2/12/2014 10:54,2/12/2014 8:12,288,25,-57,-38,9.3,511,475,136,137,161,0,0,0.135335283,-2.000000002,0.023395794,0,229,484,0.001992332,-6.218449251,0,0.000706456,2.14E-55,1630.932618,74,1,0,755,453,-103.7796485,-2.91244333
0,302,12/28/2012 0:25,12/28/2012 2:15,440,20,-18,20,-13.8,44,0,112,108,53,0,0,0.135335283,-2.000000002,0.035570137,0,229,484,0.004690629,-5.362188548,0,0.000962296,5.16E-52,2678.18088,15,1,0,418,284.2,-98.11885115,-2.603382626
0,303,1/21/2014 21:39,1/21/2014 21:17,1800,40,-160,-5,-24.1,923,963,118,124,129,0,0,0.135335283,-2.000000002,0.06536238,0,229,484,0.017444961,-4.048704413,0,2.68E-05,3.95E-13,13491.9755,44,0,0,740,474,151.2463309,-6.185898492
0,304,5/12/2014 12:24,5/12/2014 12:48,280,20,-156,65,0.5,217,213,25,9,154,0,0,0.135335283,-2.000000002,0.017458238,0,229,484,0.001243253,-6.690023961,0,0.000453723,1.27E-55,1577.741089,59,1,0,751,421.7,111.3893905,-3.355218039
0,305,3/27/2015 0:00,3/27/2015 1:25,397,18,77,18,-49.3,52,0,110,110,101,0,0,0.135335283,-2.000000002,0.058859114,0,229,484,0.042785417,-3.151557956,0,0.010247126,7.87E-53,2375.622703,42,0,0,0,432.3,29.66389425,-0.237952034
0,306,2/11/2015 0:00,2/10/2015 21:25,105,56,156,-50,2.4,141,238,233,228,60,0,0,0.135335283,-2.000000002,0.034453787,0,229,484,0.001768585,-6.33757539,0,0.001211889,7.50E-64,488.6658368,42,0,0,650,380.2,93.67230911,-2.372769468
0,307,10/28/2015 15:12,10/28/2015 15:12,430,25,-33,-20,7.6,339,465,134,133,81,0,0,0.135335283,-2.000000002,0.038193345,0,229,484,0.002978525,-5.816327048,0,0.000633452,3.39E-52,2607.42764,27,1,0,335,310.8,-105.7051802,-3.021521127
0,308,3/4/2014 7:54,3/4/2014 7:24,430,11,65,16,-31,172,0,309,289,141,0,0,0.135335283,-2.000000002,0.061603326,0,229,484,0.057002316,-2.86466338,0,0.012122848,3.39E-52,2607.42764,59,0,0,0,361.2,16.07273724,-0.069857459
0,309,2/6/2014 1:25,2/6/2014 1:48,235,21,102,31,7.8,401,432,303,309,171,0,0,0.135335283,-2.000000002,0.032880094,0,229,484,0.014753995,-4.216241407,0,0.006331352,4.84E-57,1283.002596,60,1,0,351,392,51.57976759,-0.719435485
0,310,1/26/2015 4:00,1/26/2015 5:00,563,26,-85,-26,-5.4,585,562,112,111,109,0,0,0.135335283,-2.000000002,0.03856431,0,229,484,0.000469554,-7.663726657,0,6.19E-05,4.60E-50,3565.636431,37,0,0,350,356.3,-140.626709,-5.347720736
0,311,5/13/2016 23:12,5/13/2016 23:12,309,11,-46,18,3.5,394,444,62,61,78,0,0,0.135335283,-2.000000002,0.02987749,0,229,484,0.001214113,-6.71374161,0,0.000399163,7.86E-55,1771.602455,29,1,0,281,333.2,-113.496147,-3.483335689
0,312,12/17/2011 11:00,12/17/2011 11:00,1157,40,156,47,-29.1,730,895,7,334,90,0,0,0.135335283,-2.000000002,0.054099187,0,229,484,0.162908171,-1.814568602,0,0.002529412,9.58E-15,8160.998686,39,1,0,521,272.7,77.80416437,-1.636962681
0,313,4/28/2014 5:00,4/28/2014 5:00,270,30,-11,79,4.5,412,364,5,10,80,0,0,0.135335283,-2.000000002,0.022235114,0,229,484,0.004097175,-5.497457597,0,0.001550066,6.45E-56,1511.573929,52,0,0,0,318,-88.68121501,-2.126651675
0,314,5/26/2014 17:54,5/26/2014 17:36,338,29,-103,27,-8.5,185,0,77,60,91,0,0,0.135335283,-2.000000002,0.020738542,0,229,484,8.27E-05,-9.400645117,0,2.45E-05,4.11E-54,1968.189513,63,0,0,362,324.2,-152.3273309,-6.274639196
0,315,11/3/2014 12:12,11/3/2014 12:00,443,43,-53,26,-6.5,324,404,76,58,112,0,0,0.135335283,-2.000000002,0.029329332,0,229,484,0.002964818,-5.820939631,0,0.000601707,5.84E-52,2699.451408,41,0,0,151,412.7,-106.6006982,-3.07293371
0,316,1/13/2015 5:24,1/13/2015 5:24,560,7,70,25,17.8,584,803,291,295,101,0,0,0.135335283,-2.000000002,0.07270539,0,229,484,0.077476723,-2.55777773,0,0.010318904,4.18E-50,3543.644599,33,0,0,880,421.7,29.22556667,-0.230971808
0,317,2/6/2013 0:36,2/6/2013 0:24,1226,38,-35,30,-8.2,1833,1851,4,31,43,0,0,0.135335283,-2.000000002,0.079421565,0,229,484,0.058968517,-2.830751594,0,0.000714197,2.28E-14,8718.713855,17,0,0,0,324,-103.5853073,-2.901545672
0,318,11/3/2015 11:36,11/3/2015 12:24,215,24,-100,30,10.9,436,505,63,56,82,0,0,0.135335283,-2.000000002,0.026111754,0,229,484,0.000332367,-8.009269731,0,0.000153276,9.09E-58,1154.687176,34,0,0,782,645.7,-128.1438066,-4.44046381
0,319,6/25/2016 3:12,6/25/2016 2:48,550,45,-95,25,-0.3,535,537,82,67,0,0,0,0.135335283,-2.000000002,0.038697224,0,229,484,0.000632769,-7.365404626,0,8.74E-05,3.01E-50,3470.455053,27,0,0,0,482,-136.0132714,-5.002598704
0,320,7/8/2014 16:54,7/8/2014 16:36,725,49,-67,34,-12.1,642,722,360,67,183,1,0,0.135335283,-2.000000002,0.07135091,0,229,484,0.002224078,-6.108412607,0,0.000163547,1.23E-28,4774.97445,51,1,0,270,328.2,-127.2045342,-4.375606685
0,321,2/27/2015 18:00,2/27/2015 18:00,350,20,46,19,5.3,334,439,304,304,58,0,0,0.135335283,-2.000000002,0.06460065,0,229,484,0.035807243,-3.329605077,0,0.010156869,7.80E-54,2050.276604,37,1,0,255,327.7,-30.21031741,-0.246799156
0,322,7/8/2015 9:12,7/8/2015 9:12,329,40,27,13,-2.4,398,383,297,332,123,0,0,0.135335283,-2.000000002,0.06469664,0,229,484,0.030289367,-3.496958548,0,0.009266416,2.50E-54,1906.903,33,0,0,344,380.7,-35.38315438,-0.338552627
0,323,6/2/2014 7:36,6/2/2014 7:24,260,60,-165,-29,-20.1,567,483,84,166,62,0,0,0.135335283,-2.000000002,0.03012942,0,229,484,0.000951899,-6.957052146,0,0.000373328,3.20E-56,1445.777224,65,0,0,0,299.2,114.5810217,-3.550246224
0,324,3/21/2016 20:00,3/21/2016 19:36,309,23,-26,-63,-3.8,283,218,113,124,33,0,0,0.135335283,-2.000000002,0.047072183,0,229,484,0.004914436,-5.315578285,0,0.001615714,7.86E-55,1771.602455,25,1,0,275,387.3,-87.81211421,-2.085172364
0,325,2/18/2017 7:24,2/18/2017 7:12,492,27,88,4,11.2,547,558,289,284,13,0,0,0.135335283,-2.000000002,0.07817261,0,229,484,0.044655175,-3.108785085,0,0.007597127,3.96E-51,3049.651529,14,1,0,239,526,44.57004092,-0.537179164
0,326,1/20/2014 15:36,1/20/2014 15:24,764,40,-170,10,-12,575,551,360,165,133,1,0,0.135335283,-2.000000002,0.099213205,0,229,484,0.005862206,-5.139229234,0,0.000374608,3.07E-24,5071.865791,38,0,0,220,305.3,114.5257727,-3.546823313
0,327,9/19/2012 11:39,9/19/2012 11:36,1000,17,160,-16,-17.5,484,355,360,151,67,1,0,0.135335283,-2.000000002,0.14737786,0,229,484,0.035086196,-3.349947507,0,0.000958685,3.53E-16,6907.755279,17,0,0,343,372.8,98.18966128,-2.607141585
0,328,7/26/2013 19:24,7/26/2013 18:36,830,52,115,-60,-1.3,697,704,202,228,71,0,0,0.135335283,-2.000000002,0.076256394,0,229,484,0.043166198,-3.142697545,0,0.002175063,3.03E-20,5578.783332,21,0,0,850,538.2,81.31188858,-1.787891624
0,329,5/3/2015 1:25,5/3/2015 1:25,473,32,97,-26,4.9,326,405,245,244,44,0,0,0.135335283,-2.000000002,0.056647226,0,229,484,0.041963571,-3.170953394,0,0.007644618,1.93E-51,2913.252119,50,1,0,686,383.5,44.3107634,-0.530947472
0,330,8/11/2011 11:06,8/11/2011 10:36,600,40,77,-3,-14.3,1065,1109,273,267,38,0,0,0.135335283,-2.000000002,0.13122892,0,229,484,0.099210824,-2.310508153,0,0.0114415,1.46E-49,3838.157793,12,0,0,0,413.2,21.73114933,-0.127702231
0,331,8/25/2015 16:00,8/25/2015 13:25,325,38,63,-34,31.8,349,904,331,335,69,0,0,0.135335283,-2.000000002,0.08403353,0,229,484,0.030524486,-3.4892261,0,0.009473791,1.99E-54,1879.743184,28,0,0,500,388.5,34.20704343,-0.316420178
0,332,4/27/2016 5:00,4/27/2016 5:00,485,24,-102,55,-4.8,346,310,50,37,76,0,0,0.135335283,-2.000000002,0.027997741,0,229,484,0.001389653,-6.578700856,0,0.000242453,3.05E-51,2999.312212,32,0,0,379,431.7,-121.3468066,-3.981894935
0,333,1/14/2015 16:36,1/14/2015 15:24,257,20,85,35,48.5,467,1094,291,295,80,0,0,0.135335283,-2.000000002,0.053842615,0,229,484,0.019899646,-3.917053351,0,0.007889257,2.58E-56,1426.112554,35,0,0,300,393.3,42.97623289,-0.499447429
0,334,8/25/2012 17:54,8/25/2012 16:36,950,38,-145,0,-1.8,612,624,360,64,77,1,0,0.135335283,-2.000000002,0.12584855,0,229,484,0.000146712,-8.827040172,0,4.80E-06,6.10E-17,6513.638885,25,0,0,0,520.5,170.9674187,-7.904234251
0,335,9/20/2015 18:12,9/20/2015 18:12,1100,40,51,-23,0.2,1241,1240,360,219,65,1,0,0.135335283,-2.000000002,0.64270407,1,229,484,0.579823894,-0.545030852,6069100,0.011053249,3.78E-15,7703.372005,32,1,0,540,541.3,24.49301518,-0.16222493
0,336,10/17/2013 4:39,10/17/2013 4:36,855,49,-95,-11,-28.4,301,0,72,96,146,0,0,0.135335283,-2.000000002,0.044304576,0,229,484,0.000991528,-6.916263693,0,4.57E-05,2.75E-19,5772.191756,30,0,0,375,448.5,-144.5651785,-5.651457771
0,337,6/6/2014 23:24,6/6/2014 23:12,600,40,-115,20,-8.1,448,410,72,78,119,0,0,0.135335283,-2.000000002,0.025082657,0,229,484,0.000111437,-9.102054709,0,1.29E-05,1.46E-49,3838.157793,59,0,0,830,359.7,-159.9605639,-6.919248788
0,338,1/9/2016 14:00,1/9/2016 14:00,606,14,46,-24,-28.7,442,0,237,240,97,0,0,0.135335283,-2.000000002,0.08937501,0,229,484,0.097167471,-2.33131928,0,0.010966399,1.75E-49,3882.569272,31,0,0,662,428.3,-25.08145129,-0.170113358
0,339,3/29/2014 18:39,3/29/2014 18:12,707,46,36,34,-4.1,461,505,360,325,118,1,0,0.135335283,-2.000000002,0.45449388,1,229,484,0.113172139,-2.178845263,13234200,0.008879187,9.28E-32,4638.648681,56,0,0,820,432.5,-37.54761092,-0.381239342
0,340,4/5/2015 23:48,4/5/2015 21:12,409,29,-36,-3,-0.3,438,438,80,92,55,0,0,0.135335283,-2.000000002,0.041634742,0,229,484,0.009689291,-4.636734029,0,0.002222475,1.36E-52,2459.609499,30,0,0,415,511.5,-80.82005532,-1.766328108
0,341,9/6/2013 20:48,9/6/2013 20:48,750,26,-125,15,-18.4,553,619,90,80,49,0,0,0.135335283,-2.000000002,0.09057321,0,229,484,0.000133397,-8.922183858,15000,8.96E-06,1.50E-25,4965.054905,29,0,0,0,379.3,164.0705324,-7.279377936
0,342,10/2/2011 1:54,10/2/2011 2:00,500,28,-6,10,0.6,262,282,167,179,118,0,0,0.135335283,-2.000000002,0.05163046,0,229,484,0.037912901,-3.272463837,0,0.00626696,5.31E-51,3107.304049,34,0,0,330,506.5,-51.94492247,-0.729657915
0,343,10/13/2014 4:30,10/13/2014 4:12,981,18,-93,11,-11.6,979,963,83,71,42,0,0,0.135335283,-2.000000002,0.04456872,0,229,484,0.000359616,-7.930475035,0,1.05E-05,1.92E-16,6757.689583,42,1,0,595,314,-162.2561468,-7.119269114
0,344,3/21/2013 22:36,3/21/2013 22:24,633,28,78,-5,1.6,586,574,287,271,49,0,0,0.135335283,-2.000000002,0.11086941,0,229,484,0.104682709,-2.256821323,0,0.010720244,3.87E-49,4083.147777,15,0,0,0,443,26.70264695,-0.192815401
0,345,5/19/2016 17:00,5/19/2016 16:36,550,15,148,-2,-11.2,63,0,261,262,43,0,0,0.135335283,-2.000000002,0.04140061,0,229,484,0.00808299,-4.817993387,0,0.001116012,3.01E-50,3470.455053,28,0,0,0,434.8,95.28527298,-2.455187465
0,346,12/19/2013 6:25,12/19/2013 6:12,634,29,172,0,-15,148,0,300,294,140,0,0,0.135335283,-2.000000002,0.032656457,0,229,484,0.005431739,-5.2154959,0,0.000554249,3.98E-49,4090.599037,45,0,0,347,358.2,108.0163078,-3.155089979
0,347,12/12/2010 7:00,12/12/2010 6:00,400,21,-24,44,6.1,531,494,93,113,27,0,0,0.135335283,-2.000000002,0.039056428,0,229,484,0.005110488,-5.276460301,0,0.001210817,9.03E-53,2396.585819,5,1,0,750,322.2,-93.68977477,-2.37365438
0,348,7/27/2011 6:24,7/27/2011 6:24,616,39,-33,32,8,761,746,63,43,63,0,0,0.135335283,-2.000000002,0.05124181,0,229,484,0.014852278,-4.209602032,0,0.001616969,2.36E-49,3956.72013,7,0,0,0,421.3,-87.79576764,-2.08439611
0,349,10/14/2011 9:12,10/14/2011 9:12,460,34,-163,41,-5.1,394,376,40,50,170,0,0,0.135335283,-2.000000002,0.030660367,0,229,484,0.001232266,-6.698900755,0,0.000235241,1.16E-51,2820.364185,25,0,0,0,365.5,121.8061029,-4.012094833
0,350,12/4/2012 7:24,12/4/2012 7:12,315,25,-79,3,-7.3,296,0,107,113,54,0,0,0.135335283,-2.000000002,0.033022493,0,229,484,0.000279751,-8.181609769,0,9.00E-05,1.12E-54,1812.060381,30,0,0,0,404.3,-135.6076275,-4.972803848
0,351,9/2/2017 16:00,9/2/2017 15:48,625,32,90,3,5.1,761,744,269,276,56,0,0,0.135335283,-2.000000002,0.08475495,0,229,484,0.061712569,-2.785267663,0,0.006504457,3.07E-49,4023.594781,11,0,0,0,580.8,50.60359198,-0.692461742
0,352,5/21/2014 2:12,5/21/2014 2:12,503,30,-65,-17,-2.5,481,499,79,125,85,0,0,0.135335283,-2.000000002,0.02817462,0,229,484,0.000599226,-7.419872022,0,9.80E-05,5.92E-51,3128.956856,65,0,0,460,318,-134.4445196,-4.8878661
0,353,8/30/2013 2:48,8/30/2013 2:48,878,52,-49,19,-17.1,805,884,360,55,71,1,0,0.135335283,-2.000000002,0.36017412,1,229,484,0.008971225,-4.71373303,21287700,0.000380307,1.46E-18,5950.773709,27,1,0,705,343.2,-114.281787,-3.531727108
0,354,5/10/2014 4:36,5/10/2014 4:36,1100,64,142,5,-29.9,914,934,360,255,123,1,0,0.135335283,-2.000000002,0.3554721,1,229,484,0.113412388,-2.176724654,3822000,0.002161993,3.78E-15,7703.372005,55,1,0,520,378.3,81.44882731,-1.793918732
0,355,9/8/2014 23:14,9/8/2014 23:14,790,16,90,32,-6.4,214,0,294,296,154,0,0,0.135335283,-2.000000002,0.060660273,0,229,484,0.124239301,-2.08554573,0,0.007229787,2.51E-22,5270.906027,39,0,0,0,423.3,46.58072359,-0.586739808
0,356,8/22/2017 23:09,8/23/2017 0:51,314,25,-163,29,-4,158,0,51,56,63,0,0,0.135335283,-2.000000002,0.035154734,0,229,484,0.000234689,-8.357250437,0,7.58E-05,1.06E-54,1805.309398,8,0,0,0,468.5,137.9334442,-5.144844516
0,357,4/28/2013 13:25,4/28/2013 13:25,450,35,-120,-40,-2.8,359,352,147,140,102,0,0,0.135335283,-2.000000002,0.048602317,0,229,484,0.000343102,-7.977482494,0,6.79E-05,7.78E-52,2749.161412,12,0,0,0,437.7,-139.3979697,-5.254676572
0,358,9/15/2012 8:12,9/15/2012 5:12,560,28,-110,-30,13.3,554,571,126,124,61,0,0,0.135335283,-2.000000002,0.05148303,0,229,484,0.000300787,-8.109108985,0,4.01E-05,4.18E-50,3543.644599,13,0,0,0,426.7,-146.2291241,-5.782303063
0,359,6/27/2012 9:06,6/27/2012 8:48,552,16,-89,24,9.3,255,512,120,118,70,0,0,0.135335283,-2.000000002,0.033051103,0,229,484,0.000456971,-7.690890923,0,6.26E-05,3.21E-50,3485.078522,26,0,0,800,391.2,-140.4631053,-5.335285002
0,360,1/11/2015 16:48,1/11/2015 16:48,250,15,-90,72,14.1,280,618,22,21,122,0,0,0.135335283,-2.000000002,0.024603015,0,229,484,0.001708864,-6.371926624,0,0.000694772,1.54E-56,1380.365229,29,0,0,200,441.5,-104.0763583,-2.929120702
0,361,6/9/2014 0:00,6/9/2014 0:00,857,30,-73,3,-31.3,564,692,116,83,156,0,0,0.135335283,-2.000000002,0.033560205,0,229,484,0.009142056,-4.694870026,0,0.000417983,3.22E-19,5787.696296,59,1,0,450,576.2,-112.7430825,-3.437264105
0,362,4/18/2012 9:09,4/18/2012 9:24,700,27,-157,13,-0.2,446,445,64,77,112,0,0,0.135335283,-2.000000002,0.035220984,0,229,484,0.000473879,-7.654558865,0,3.81E-05,2.80E-33,4585.756235,32,1,0,580,426.3,146.8530639,-5.831752943
0,363,7/28/2017 5:36,7/28/2017 5:36,574,38,-136,4,-9.5,397,454,59,62,11,0,0,0.135335283,-2.000000002,0.04346763,0,229,484,3.60E-05,-10.23208475,0,4.56E-06,6.54E-50,3646.409273,19,0,0,0,445.2,171.5228857,-7.955678828
0,364,7/13/2015 0:24,7/12/2015 23:12,415,14,90,49,6.5,439,480,318,319,53,0,0,0.135335283,-2.000000002,0.03802165,0,229,484,0.01742047,-4.050109339,0,0.003910425,1.77E-52,2501.735586,34,1,0,545,616.7,66.65148188,-1.201303417
0,365,5/11/2016 11:48,5/11/2016 11:00,390,12,-50,3,4.1,376,420,76,89,79,0,0,0.135335283,-2.000000002,0.031477597,0,229,484,0.003677135,-5.605621343,0,0.000903151,5.68E-53,2326.797228,29,2,0,700,464.7,-99.307016,-2.666815421
0,366,2/8/2017 2:36,2/8/2017 4:48,311,30,178,-30,4.7,239,363,172,175,11,0,0,0.135335283,-2.000000002,0.04270735,0,229,484,0.000655744,-7.329739941,0,0.000214042,8.85E-55,1785.075596,16,1,0,95,470.2,123.2313386,-4.106534019
0,367,8/3/2011 13:55,8/3/2011 14:00,1320,44,30,15,-12.2,492,480,360,307,81,1,0,0.135335283,-2.000000002,0.28886616,0,229,484,1.019580621,0.019391387,0,0.008803476,5.46E-14,9484.710861,9,0,0,0,351,-37.96696396,-0.389802691
0,368,7/5/2016 21:17,7/5/2016 20:36,550,32,45,33,5.7,597,568,281,318,13,0,0,0.135335283,-2.000000002,0.07499563,0,229,484,0.060900423,-2.79851516,0,0.008408475,3.01E-50,3470.455053,24,0,0,315,330.8,-40.14041308,-0.435709238
0,369,7/5/2016 2:09,7/5/2016 1:25,315,36,140,37,3.4,297,341,335,323,13,0,0,0.135335283,-2.000000002,0.040625587,0,229,484,0.006441736,-5.044957182,0,0.002072588,1.12E-54,1812.060381,23,0,0,0,385,82.40198639,-1.83615126
0,370,5/14/2014 19:54,5/14/2014 19:24,410,27,-111,-7,-0.8,299,287,98,99,166,0,0,0.135335283,-2.000000002,0.024356807,0,229,484,1.82E-05,-10.91327021,0,4.16E-06,1.42E-52,2466.624435,59,0,0,525,345.7,-172.4987679,-8.046464285
0,371,2/4/2014 17:48,2/4/2014 17:48,255,14,80,38,2.6,225,301,304,310,144,0,0,0.135335283,-2.000000002,0.03752995,0,229,484,0.021187898,-3.854325092,0,0.008460685,2.23E-56,1413.022204,57,1,0,660,342.3,39.85425813,-0.42951917
0,372,3/11/2015 10:24,3/11/2015 8:24,600,40,45,55,7.3,606,532,325,337,44,0,0,0.135335283,-2.000000002,0.111892715,0,229,484,0.047895964,-3.038724044,195000,0.005523608,1.46E-49,3838.157793,45,0,0,545,385.5,-56.25997882,-0.855918123
0,373,4/18/2015 16:12,4/18/2015 15:12,165,19,46,22,11.1,510,610,360,333,140,1,0,0.135335283,-2.000000002,0.14393385,0,229,484,0.02063796,-3.880623173,0,0.011394515,5.84E-60,842.4810032,38,0,0,921,519.8,22.07850079,-0.131817252
0,374,12/9/2013 21:18,12/9/2013 19:36,804,35,-101,35,14.7,881,805,67,53,142,0,0,0.135335283,-2.000000002,0.041439775,0,229,484,0.001315424,-6.633596438,0,7.28E-05,1.68E-21,5378.437812,31,0,0,0,416.3,-138.4732268,-5.185190516
0,375,4/17/2011 1:25,4/17/2011 1:25,300,45,-15,37,5.1,329,364,46,48,71,0,0,0.135335283,-2.000000002,0.040037233,0,229,484,0.005243802,-5.250708505,0,0.001780772,4.55E-55,1711.134742,9,0,0,0,329,-85.73951104,-1.987902583
0,376,10/31/2013 23:36,10/31/2013 23:24,476,40,-59,-38,-2.6,356,315,167,168,130,0,0,0.135335283,-2.000000002,0.03353423,0,229,484,0.002155286,-6.139831669,0,0.000388417,2.17E-51,2934.738899,55,0,0,0,369.7,-113.9398702,-3.510625747
0,377,7/26/2014 0:54,7/25/2014 20:36,360,35,-180,31,2.6,275,274,10,358,58,0,0,0.135335283,-2.000000002,0.033192508,0,229,484,0.001792228,-6.324295981,0,0.000490397,1.31E-53,2118.997451,35,0,0,0,345.3,110.0915902,-3.27749006
0,378,12/24/2013 23:48,12/24/2013 23:36,345,27,162,-44,-3.3,252,154,212,199,109,0,0,0.135335283,-2.000000002,0.034277245,0,229,484,0.005088851,-5.280703147,0,0.001469691,5.99E-54,2016.022824,52,0,0,400,317,89.78451949,-2.179897225
0,379,11/8/2013 4:24,11/8/2013 3:24,938,58,172,-33,11.7,659,625,360,199,142,1,0,0.135335283,-2.000000002,0.094110265,0,229,484,0.015364099,-4.175721757,0,0.000524785,3.68E-17,6419.437452,57,0,0,2100,387,108.9473688,-3.209715835
0,380,5/13/2016 15:18,5/13/2016 15:18,281,12,87,-9,-14.6,0,0,272,275,78,0,0,0.135335283,-2.000000002,0.07879156,0,229,484,0.031442566,-3.459592697,0,0.011433671,1.35E-55,1584.377662,29,0,0,0,341.7,21.78931608,-0.128386775
0,381,8/22/2012 10:24,8/22/2012 10:00,511,27,60,15,4.6,523,504,298,268,69,0,0,0.135335283,-2.000000002,0.09052282,0,229,484,0.076992318,-2.564049623,0,0.012232614,7.89E-51,3186.784861,24,0,0,1100,382,15.00000024,-0.060843701
0,382,10/30/2016 10:36,10/30/2016 10:36,183,30,-4,-37,5.6,196,378,175,174,13,0,0,0.135335283,-2.000000002,0.05852697,0,229,484,0.011180896,-4.493548708,0,0.0057858,4.27E-59,953.335966,25,0,0,493,577.7,-54.71461619,-0.809542786
0,383,1/25/2014 16:54,1/25/2014 16:48,624,30,-116,-44,-38.1,484,473,152,132,100,0,0,0.135335283,-2.000000002,0.039540853,0,229,484,0.00082715,-7.097524109,0,8.75E-05,2.98E-49,4016.15783,41,1,0,271,353.3,135.9931434,-5.001118187
0,384,9/14/2013 6:39,9/14/2013 3:48,370,31,-70,-48,2.5,299,327,128,137,25,0,0,0.135335283,-2.000000002,0.043579154,0,229,484,0.00250012,-5.99141668,0,0.000659904,2.16E-53,2187.996112,33,0,0,0,536.3,-104.9871353,-2.980610758
0,385,9/3/2014 0:24,9/2/2014 23:48,389,24,-76,10,1.4,542,528,64,84,102,0,0,0.135335283,-2.000000002,0.02797499,0,229,484,0.000549459,-7.50657638,0,0.000135441,5.42E-53,2319.832365,36,1,0,1140,419.3,-129.9165207,-4.564170459
0,386,8/21/2014 5:36,8/21/2014 5:36,290,10,90,51,9.2,397,570,330,335,120,0,0,0.135335283,-2.000000002,0.04263647,0,229,484,0.016756446,-4.088972248,0,0.005899001,2.43E-55,1644.265468,36,0,0,0,332.8,54.05585145,-0.790166327
0,387,8/25/2014 21:24,8/25/2014 20:48,800,35,77,12,-2,696,692,273,277,116,0,0,0.135335283,-2.000000002,0.22039258,0,229,484,0.214013291,-1.541717157,115600,0.012013585,1.00E-21,5347.689382,36,1,0,500,256.8,-17.08255683,-0.078911235
0,388,5/20/2014 15:24,5/20/2014 14:36,460,40,70,-18,-3,428,435,321,330,87,0,0,0.135335283,-2.000000002,0.072102696,0,229,484,0.062364664,-2.774756446,0,0.01190548,1.16E-51,2820.364185,65,0,0,400,332.8,18.03444032,-0.087950524
0,389,11/21/2012 4:24,11/21/2012 4:24,730,26,169,10,-16.2,834,801,360,317,106,1,0,0.135335283,-2.000000002,0.113077424,0,229,484,0.005051655,-5.288039316,0,0.000364845,6.37E-28,4812.92251,26,0,0,725,427.3,114.9513684,-3.573233394
0,390,11/3/2014 21:17,11/3/2014 20:48,873,31,-95,-45,-32.4,670,822,137,130,112,0,0,0.135335283,-2.000000002,0.05166961,0,229,484,0.003413964,-5.67988119,0,0.000147353,1.04E-18,5911.89974,42,0,0,443,400.8,-128.7112223,-4.479875269
0,391,6/29/2016 23:24,6/29/2016 23:12,289,14,-96,24,-7.5,354,194,67,71,0,0,0,0.135335283,-2.000000002,0.033411354,0,229,484,8.08E-05,-9.424106876,0,2.85E-05,2.28E-55,1637.597313,23,0,0,0,346,-150.4594634,-6.121700954
0,392,10/26/2013 7:00,10/26/2013 9:12,636,36,65,6,20.3,580,786,272,271,132,0,0,0.135335283,-2.000000002,0.08416594,0,229,484,0.121505696,-2.107794139,0,0.012309375,4.22E-49,4105.506286,37,1,0,980,294.2,-14.20799876,-0.054588218
0,393,5/29/2016 1:12,5/29/2016 1:00,280,20,90,-20,3.8,314,415,262,249,33,0,0,0.135335283,-2.000000002,0.07050845,0,229,484,0.020710871,-3.877096527,0,0.007558394,1.27E-55,1577.741089,24,0,0,0,467.2,44.78158839,-0.542290605
0,394,3/5/2014 4:48,3/5/2014 4:48,540,23,66,26,-8.1,316,318,312,291,154,0,0,0.135335283,-2.000000002,0.047321375,0,229,484,0.073051719,-2.616587608,0,0.010455913,2.16E-50,3397.447335,61,2,0,900,422.8,28.37880679,-0.217781686
0,395,1/13/2014 8:12,1/13/2014 7:48,450,24,-38,30,9.5,564,555,42,35,117,0,0,0.135335283,-2.000000002,0.039032906,0,229,484,0.017807092,-4.028158487,0,0.003524,7.78E-52,2749.161412,36,0,0,0,815,-69.47800937,-1.305352565
0,396,3/18/2015 0:12,3/17/2015 23:48,498,20,64,-5,-32.9,326,0,265,239,41,0,0,0.135335283,-2.000000002,0.07820017,0,229,484,0.06707145,-2.701996803,0,0.011166949,4.94E-51,3092.878838,45,0,0,0,561.8,23.7078527,-0.151990881
0,397,6/7/2017 21:36,6/7/2017 21:12,268,26,-26,-3,-2,557,530,93,98,14,0,0,0.135335283,-2.000000002,0.0454855,0,229,484,0.002466435,-6.004981407,0,0.000939858,5.62E-56,1498.384511,12,0,0,0,315.8,-98.56244389,-2.626975485
0,398,9/10/2014 2:00,9/10/2014 1:36,400,10,81,33,2.8,428,439,285,303,169,0,0,0.135335283,-2.000000002,0.056691874,0,229,484,0.038580648,-3.255004482,0,0.009140826,9.03E-53,2396.585819,39,0,0,0,350,36.08919891,-0.352198561
0,399,8/21/2012 20:42,8/21/2012 20:24,1100,15,-170,-7,-39.9,728,829,360,86,71,1,0,0.135335283,-2.000000002,0.13340588,0,229,484,0.006898704,-4.976421644,0,0.000131511,3.78E-15,7703.372005,24,0,0,960,386.5,130.3349184,-4.593615723
0,400,7/4/2012 17:24,7/4/2012 17:24,535,31,25,-7,-37.6,553,0,360,124,131,1,0,0.135335283,-2.000000002,0.38195345,1,229,484,0.07980824,-2.528128517,120000,0.011630451,1.82E-50,3361.01271,39,2,0,605,519.8,-20.28967617,-0.111322596
0,401,3/1/2015 2:24,3/1/2015 0:48,320,49,-155,-33,-0.4,349,349,145,152,65,0,0,0.135335283,-2.000000002,0.027704528,0,229,484,0.000168656,-8.687648356,0,5.33E-05,1.50E-54,1845.862719,41,1,1,1200,523.8,142.5739223,-5.496842435
0,402,9/19/2011 2:09,9/19/2011 0:24,355,40,-126,21,-8.2,334,315,50,74,142,0,0,0.135335283,-2.000000002,0.033891436,0,229,484,5.04E-05,-9.895854764,0,1.40E-05,1.01E-53,2084.601815,17,0,0,0,411.8,158.9377822,-6.831048842
0,403,6/16/2014 12:24,6/16/2014 12:24,654,20,-92,-23,-21.7,136,0,82,80,84,0,0,0.135335283,-2.000000002,0.027496602,0,229,484,0.000371336,-7.898402185,0,3.53E-05,7.00E-49,4239.952208,57,1,0,900,353.3,-147.8349288,-5.909996264
0,404,7/30/2014 18:39,7/30/2014 18:12,300,15,85,13,-2.3,520,496,285,267,122,0,0,0.135335283,-2.000000002,0.06182007,0,229,484,0.034771423,-3.35895942,0,0.01180822,4.55E-55,1711.134742,38,3,0,700,321.8,18.85671328,-0.096153498
0,405,7/30/2016 17:48,7/30/2016 17:48,525,33,-168,14,3.3,341,374,42,32,21,0,0,0.135335283,-2.000000002,0.039889842,0,229,484,0.00061872,-7.387858216,0,9.35E-05,1.29E-50,3288.284088,19,0,0,0,415.8,135.0919072,-4.935052294
0,406,7/11/2012 1:25,7/11/2012 1:25,610,45,-175,-12,-1.6,365,345,360,182,110,1,0,0.135335283,-2.000000002,0.08356483,0,229,484,0.000666104,-7.314064038,0,7.41E-05,1.98E-49,3912.209964,48,0,0,0,505.8,138.2335723,-5.167258116
0,407,10/18/2015 20:00,10/18/2015 19:12,270,31,-104,24,2.1,213,265,71,65,75,0,0,0.135335283,-2.000000002,0.027942382,0,229,484,0.000112228,-9.094976972,0,4.25E-05,6.45E-56,1511.573929,33,0,0,193,454.5,-145.4922147,-5.72417105
0,408,8/31/2013 20:24,8/31/2013 21:24,590,36,-156,-21,5.1,434,465,133,103,74,0,0,0.135335283,-2.000000002,0.042476945,0,229,484,0.000365555,-7.914092956,0,4.37E-05,1.08E-49,3764.272297,29,0,0,0,436.5,145.1246756,-5.695287035
0,409,2/1/2014 11:24,2/1/2014 11:12,474,35,-125,7,3.8,348,388,93,90,94,0,0,0.135335283,-2.000000002,0.025773818,0,229,484,4.46E-05,-10.01819541,0,8.09E-06,2.01E-51,2920.41227,51,1,0,728,336.8,165.2206329,-7.381789486
0,410,10/25/2013 8:24,10/25/2013 8:12,477,47,-67,-2,-13.7,438,446,360,109,138,1,0,0.135335283,-2.000000002,0.074140586,0,229,484,0.000413577,-7.790667185,0,7.43E-05,2.25E-51,2941.905366,34,2,0,460,321.7,-138.2041843,-5.165061264
0,411,12/13/2014 14:24,12/13/2014 14:24,2400,50,150,-9,-84.4,1913,2111,360,265,140,1,0,0.135335283,-2.000000002,0.5853622,1,229,484,3.396934526,1.222873415,242400,0.000600873,7.51E-13,18679.73764,30,1,0,449,531,106.6247523,-3.074320663
0,412,6/21/2012 8:12,6/21/2012 7:48,450,34,-50,5,0,220,219,100,82,16,0,0,0.135335283,-2.000000002,0.039558195,0,229,484,0.00184758,-6.293878816,0,0.000365634,7.78E-52,2749.161412,21,0,0,0,352.5,-114.9166113,-3.571072894
0,413,2/21/2014 16:00,2/21/2014 16:00,840,60,-114,-6,-61.9,834,1140,360,139,136,1,0,0.135335283,-2.000000002,0.07801545,0,229,484,0.00024042,-8.333124447,0,1.17E-05,7.75E-20,5656.057589,76,1,0,585,477.5,-161.0557354,-7.014318525
0,414,8/6/2014 0:00,8/5/2014 23:12,428,51,135,17,5.3,386,435,280,270,113,0,0,0.135335283,-2.000000002,0.037735753,0,229,484,0.008035075,-4.823938989,0,0.001721191,3.11E-52,2593.304728,35,0,0,0,470.7,86.47027514,-2.021933067
0,415,7/22/2016 22:18,7/22/2016 19:48,212,26,64,36,-2.5,205,0,65,73,39,0,0,0.135335283,-2.000000002,0.054100506,0,229,484,0.019093739,-3.958394818,0,0.008900972,6.97E-58,1135.59629,22,0,0,714,432.5,37.42674629,-0.378788896
0,416,9/17/2012 13:25,9/17/2012 12:12,337,25,-143,34,1.7,343,325,45,51,55,0,0,0.135335283,-2.000000002,0.033026297,0,229,484,0.000197146,-8.531566781,0,5.86E-05,3.89E-54,1961.367948,15,0,0,456,404.7,141.3380743,-5.401960859
0,417,10/29/2016 9:12,10/29/2016 9:36,302,12,92,16,4.7,308,393,283,284,23,0,0,0.135335283,-2.000000002,0.054436125,0,229,484,0.016411554,-4.109769659,0,0.005533307,5.14E-55,1724.548959,24,0,0,0,613.5,56.2022909,-0.854163738
0,418,2/17/2014 12:00,2/17/2014 10:48,350,30,-133,-65,-3.5,336,249,62,52,106,0,0,0.135335283,-2.000000002,0.025569486,0,229,484,0.001336184,-6.617937642,0,0.000379014,7.80E-54,2050.276604,75,1,0,650,383.2,114.336858,-3.53513172
0,419,7/8/2014 9:48,7/8/2014 9:48,270,24,-90,27,-1.5,244,202,70,57,183,0,0,0.135335283,-2.000000002,0.02183265,0,229,484,8.12E-05,-9.418126774,0,3.07E-05,6.45E-56,1511.573929,51,0,0,0,304.2,-149.542611,-6.047320853
0,420,5/10/2014 21:12,5/10/2014 19:36,207,38,-75,38,9,565,464,56,47,123,0,0,0.135335283,-2.000000002,0.019826028,0,229,484,0.000339636,-7.987635428,0,0.000161205,4.44E-58,1103.87279,57,0,0,1100,350.2,-127.4140067,-4.390029506
0,421,1/16/2012 3:42,1/16/2012 3:12,990,47,-57,28,10.9,1148,1098,360,39,154,1,0,0.135335283,-2.000000002,0.11555128,0,229,484,0.013458931,-4.308112365,0,0.000381228,2.58E-16,6828.727894,25,1,0,412,377.5,-114.2426156,-3.529306444
0,422,4/25/2015 15:12,4/25/2015 14:48,811,51,134,11,-9.2,590,609,360,267,69,1,0,0.135335283,-2.000000002,0.12986742,0,229,484,0.080642125,-2.517734124,0,0.004351067,3.93E-21,5432.295392,44,0,0,1020,323.2,63.62047856,-1.094528202
0,423,6/14/2014 19:48,6/14/2014 19:48,870,22,-93,-18,-31.5,482,438,89,112,137,0,0,0.135335283,-2.000000002,0.035721224,0,229,484,0.000765767,-7.174632509,0,3.34E-05,8.44E-19,5888.589094,56,1,0,548,377.5,-148.5066689,-5.963826588
0,424,8/22/2014 11:24,8/22/2014 11:12,444,50,29,10,-9.6,557,440,360,359,125,1,0,0.135335283,-2.000000002,0.3939477,1,229,484,0.044453618,-3.113308936,328000,0.008989402,6.09E-52,2706.546106,36,0,0,475,354,-36.93512352,-0.368903015
0,425,6/3/2014 2:12,6/3/2014 2:48,242,20,154,58,6.4,471,390,127,145,74,0,0,0.135335283,-2.000000002,0.021308582,0,229,484,0.004217341,-5.46855047,0,0.001764743,8.38E-57,1328.32293,64,0,0,592,319.7,85.93428269,-1.996944549
0,426,4/24/2017 3:12,4/24/2017 2:48,358,51,-45,43,64.2,1397,1272,55,60,46,0,0,0.135335283,-2.000000002,0.038897526,0,229,484,0.007944265,-4.83530498,0,0.00218945,1.18E-53,2105.230809,32,0,0,911,697.2,-81.16183783,-1.781299059
0,427,11/5/2015 1:25,11/5/2015 0:48,422,18,-95,0,15.2,556,648,100,96,82,0,0,0.135335283,-2.000000002,0.033245753,0,229,484,0.00039372,-7.839870253,0,8.62E-05,2.40E-52,2550.992243,36,0,0,458,556.3,-136.1989189,-5.016264332
0,428,7/2/2014 0:12,7/1/2014 23:48,600,22,-113,-21,-40.5,652,779,107,105,145,0,0,0.135335283,-2.000000002,0.03080433,0,229,484,0.000131613,-8.935648331,0,1.52E-05,1.46E-49,3838.157793,54,1,0,615,311.3,158.02535,-6.75284241
0,429,6/3/2017 11:24,6/3/2017 11:36,627,10,55,8,-4.6,204,0,283,275,24,0,0,0.135335283,-2.000000002,0.10973509,0,229,484,0.121842796,-2.105023619,0,0.012750005,3.25E-49,4038.473481,11,1,0,289,396.5,-8.473880281,-0.019417698
0,430,11/4/2015 3:48,11/4/2015 4:00,369,33,76,8,-6.4,223,0,278,284,100,0,0,0.135335283,-2.000000002,0.051845092,0,229,484,0.028780066,-3.548072269,0,0.007623862,2.06E-53,2181.083962,36,1,0,458,712.8,44.42407178,-0.533666348
0,431,6/25/2015 8:36,6/25/2015 8:36,1450,41,46,23,-24.8,1488,1594,360,330,27,1,0,0.135335283,-2.000000002,0.6699807,1,229,484,2.034554947,0.710277096,6578750,0.011001508,1.25E-13,10555.01231,32,1,0,375,630.7,24.84469766,-0.166916983
0,432,3/10/2014 18:36,3/10/2014 17:48,645,35,-60,-20,8.9,683,630,88,99,113,0,0,0.135335283,-2.000000002,0.035238944,0,229,484,0.00141207,-6.562698467,0,0.000138492,5.44E-49,4172.666454,54,0,0,0,315.2,-129.5990688,-4.541892546
0,433,7/2/2015 18:00,7/2/2015 17:48,600,32,-114,44,-3.4,580,611,58,36,75,0,0,0.135335283,-2.000000002,0.034388974,0,229,484,0.000758926,-7.183605746,0,8.75E-05,1.46E-49,3838.157793,28,0,0,0,341.5,135.9888148,-5.000799825
0,434,7/28/2014 14:19,7/28/2014 14:30,662,12,-69,-39,-44.5,912,908,120,128,109,0,0,0.135335283,-2.000000002,0.04933395,0,229,484,0.003811602,-5.569705686,0,0.000351639,1.48E-47,4299.865798,34,0,0,0,419,-115.5428446,-3.610099765
0,435,12/23/2015 1:09,12/23/2015 1:25,501,18,-56,-21,1.6,544,531,98,110,68,0,0,0.135335283,-2.000000002,0.08604026,0,229,484,0.003941078,-5.536300912,26500,0.000649115,5.51E-51,3114.519657,33,0,0,363,454.8,-105.2770501,-2.99709499
0,436,2/9/2012 21:17,2/9/2012 21:17,546,30,71,23,1.2,676,668,360,39,29,1,0,0.135335283,-2.000000002,0.1985404,0,229,484,0.074621323,-2.595328977,0,0.010452344,2.64E-50,3441.229961,17,0,0,247,425.5,28.40103973,-0.218123055
0,437,3/10/2015 0:00,3/10/2015 0:00,1200,34,-50,-6,-10.2,904,966,360,107,27,1,0,0.135335283,-2.000000002,0.29601598,0,229,484,0.043701637,-3.130369708,132600,0.000581227,1.69E-14,8508.092203,45,0,0,0,400,-107.1996776,-3.107563787
0,438,4/11/2014 4:17,4/11/2014 3:47,330,12,-173,-71,-42,482,60,180,184,61,0,0,0.135335283,-2.000000002,0.034350343,0,229,484,0.002690234,-5.918126934,0,0.000820065,2.64E-54,1913.700576,65,0,0,300,377,101.087888,-2.763321012
0,439,3/3/2015 15:48,3/3/2015 15:48,725,43,-128,-18,-24.9,473,601,140,131,42,0,0,0.135335283,-2.000000002,0.041219693,0,229,484,0.000147274,-8.823216831,0,1.08E-05,1.23E-28,4774.97445,47,0,0,443,455.2,-161.9269574,-7.090410909
0,440,10/5/2015 17:24,10/5/2015 17:12,970,23,102,19,-12.9,617,581,288,294,20,0,0,0.135335283,-2.000000002,0.08426447,0,229,484,0.199240121,-1.613244541,0,0.006064856,1.31E-16,6670.977189,29,0,0,0,445.7,53.09894553,-0.76243862
0,441,4/19/2015 7:24,4/19/2015 7:36,270,46,146,-51,-23.4,247,0,89,90,137,0,0,0.135335283,-2.000000002,0.03730666,0,229,484,0.003631851,-5.618012756,0,0.001374022,6.45E-56,1511.573929,38,0,0,165,423.2,91.16013862,-2.247206834
0,442,6/13/2010 7:32,6/13/2010 6:30,500,30,117,17,6,481,435,294,295,25,0,0,0.135335283,-2.000000002,0.0688667,0,229,484,0.025411445,-3.672555611,0,0.004200484,5.31E-51,3107.304049,0,0,0,0,427.5,64.63601436,-1.12974969
0,443,4/5/2012 21:36,4/5/2012 21:25,686,36,-32,31,-2.6,807,810,360,311,53,1,0,0.135335283,-2.000000002,0.10622417,0,229,484,0.013244667,-4.324160273,0,0.001120747,4.55E-37,4480.182053,22,2,0,608,357.7,-95.20309444,-2.450954351
0,444,4/24/2015 0:00,4/24/2015 0:48,300,28,-6,29,0.7,610,619,271,268,83,0,0,0.135335283,-2.000000002,0.03875315,0,229,484,0.01168929,-4.449082206,0,0.003969631,4.55E-55,1711.134742,40,0,0,627,405.2,-66.23329752,-1.186276285
0,445,6/21/2014 5:36,6/21/2014 5:12,420,34,7,30,1.2,423,439,322,323,93,0,0,0.135335283,-2.000000002,0.0410173,0,229,484,0.028267599,-3.566039032,0,0.006232118,2.20E-52,2536.906979,58,0,0,400,441.8,-52.1429961,-0.73523311
0,446,7/17/2017 17:00,7/17/2017 16:36,356,32,80,4,2.8,445,408,267,271,22,0,0,0.135335283,-2.000000002,0.08844875,0,229,484,0.034534292,-3.365802487,0,0.009586471,1.07E-53,2091.47534,14,0,0,0,491.3,33.56185484,-0.304596566
0,447,2/21/2015 22:00,2/22/2015 0:12,772,19,134,-27,-6,369,306,217,219,58,0,0,0.135335283,-2.000000002,0.060524892,0,229,484,0.059974102,-2.813842442,0,0.003723682,1.37E-23,5133.016073,33,0,0,914,332.8,67.99540171,-1.250236521
0,448,10/21/2011 13:54,10/21/2011 13:25,276,29,59,-25,0.5,322,331,252,250,194,0,0,0.135335283,-2.000000002,0.17686355,0,229,484,0.028821387,-3.546637556,332500,0.010670871,9.71E-56,1551.230639,27,1,0,374,329.3,-27.02040308,-0.197431634
0,449,5/31/2013 6:39,5/31/2013 6:36,870,28,-163,12,2.9,520,530,65,51,50,0,0,0.135335283,-2.000000002,0.050157007,0,229,484,0.003542414,-5.642946968,0,0.000154557,8.44E-19,5888.589094,19,0,0,464,337.2,128.0236603,-4.432141046
0,450,9/5/2011 2:00,9/5/2011 0:48,606,40,74,36,15,820,739,308,304,114,0,0,0.135335283,-2.000000002,0.08719458,0,229,484,0.079447487,-2.532659022,0,0.008966508,1.75E-49,3882.569272,12,0,0,0,355.2,37.06256288,-0.371453101
0,451,8/26/2014 3:12,8/26/2014 2:00,460,17,66,45,-13.6,306,35,299,295,86,0,0,0.135335283,-2.000000002,0.043753654,0,229,484,0.035980165,-3.32478746,0,0.006868652,1.16E-51,2820.364185,37,1,0,800,264.5,-48.5721703,-0.637981538
0,452,4/12/2017 13:26,4/12/2017 12:48,661,35,-149,6,-9.3,115,0,73,53,22,0,0,0.135335283,-2.000000002,0.039245598,0,229,484,0.000201875,-8.507861793,0,1.87E-05,3.58E-48,4292.371288,25,0,0,0,418.8,155.5703616,-6.544655871
0,453,2/6/2014 8:09,2/6/2014 8:24,365,15,-103,24,-0.9,225,180,66,64,171,0,0,0.135335283,-2.000000002,0.017814266,0,229,484,0.000111772,-9.099046241,0,3.00E-05,1.69E-53,2153.462534,62,3,0,351,394.2,-149.8257278,-6.070240319
0,454,4/25/2016 14:12,4/25/2016 14:12,450,10,-6,-28,1,418,416,116,115,45,0,0,0.135335283,-2.000000002,0.055579558,0,229,484,0.028286028,-3.565387315,0,0.005597768,7.78E-52,2749.161412,30,1,0,695,515.2,-55.81994261,-0.842581394
0,455,5/25/2012 7:48,5/25/2012 7:36,177,23,-40,5,1.7,127,213,91,87,94,0,0,0.135335283,-2.000000002,0.032272086,0,229,484,0.002878622,-5.850443472,0,0.001522132,2.25E-59,916.1785027,20,1,0,580,467.2,-89.05958264,-2.14483755
0,456,4/22/2014 23:36,4/22/2014 23:24,375,25,24,29,-5.4,220,55,323,332,123,0,0,0.135335283,-2.000000002,0.042115822,0,229,484,0.032666001,-3.421420455,0,0.008468343,2.77E-53,2222.59726,56,1,0,660,436,-39.81226627,-0.428614534
0,457,10/7/2014 18:29,10/7/2014 18:29,325,28,-6,-80,-16.9,229,0,166,172,68,0,0,0.135335283,-2.000000002,0.04252724,0,229,484,0.005367811,-5.227335071,0,0.001665991,1.99E-54,1879.743184,41,1,0,324,339.8,-87.16449274,-2.054529149
0,458,8/22/2015 7:24,8/22/2015 7:12,1057,27,-2,5,-29.5,403,0,360,95,71,1,0,0.135335283,-2.000000002,0.33856717,1,229,484,0.190183961,-1.659763457,73700,0.004232496,1.57E-15,7360.091815,27,0,0,350,367.8,-64.41846448,-1.122157535
0,459,11/3/2014 23:12,11/3/2014 23:12,601,39,-89,30,-23.9,364,520,66,61,112,0,0,0.135335283,-2.000000002,0.026733356,0,229,484,0.000809138,-7.119541169,0,9.30E-05,1.51E-49,3845.555556,43,1,0,873,409.5,-135.1641955,-4.940335247
0,460,10/14/2015 0:24,10/14/2015 0:24,790,17,-95,-18,-66.9,334,0,98,104,57,0,0,0.135335283,-2.000000002,0.044368993,0,229,484,0.001307332,-6.63976711,0,7.61E-05,2.51E-22,5270.906027,30,1,0,440,495.5,-137.8813783,-5.140961189
0,461,2/4/2014 20:00,2/4/2014 19:48,400,32,-147,22,0.8,306,317,219,218,144,0,0,0.135335283,-2.000000002,0.021160824,0,229,484,0.000247375,-8.304604275,0,5.86E-05,9.03E-53,2396.585819,58,2,0,660,349.2,141.3359484,-5.401798353
0,462,12/30/2014 10:00,12/30/2014 10:12,500,25,-40,60,7.2,557,527,51,33,88,0,0,0.135335283,-2.000000002,0.034615684,0,229,484,0.012702401,-4.365964236,0,0.002099693,5.31E-51,3107.304049,27,0,0,290,672.8,-82.10992294,-1.823158314
0,463,3/15/2013 6:54,3/15/2013 7:12,1485,66,-2,-3,25.8,1247,1161,360,112,111,1,0,0.135335283,-2.000000002,0.632344,1,229,484,1.301525393,0.263536956,12093000,0.006204608,1.49E-13,10845.20753,16,0,0,0,456.2,-52.29963709,-0.739657123
0,464,4/14/2016 11:36,4/14/2016 11:24,193,21,110,23,10.3,269,523,298,299,46,0,0,0.135335283,-2.000000002,0.043790836,0,229,484,0.009372465,-4.669979134,0,0.004678493,1.18E-58,1015.699206,29,0,0,309,447.2,61.47566137,-1.021973213
0,465,4/9/2016 13:36,4/9/2016 13:25,311,20,-65,14,3.8,458,489,73,71,25,0,0,0.135335283,-2.000000002,0.031692896,0,229,484,0.000349149,-7.960012308,0,0.000113966,8.85E-55,1785.075596,32,0,0,454,332.3,-132.3507084,-4.736806387
0,466,12/7/2011 5:36,12/7/2011 5:36,607,39,169,32,0.6,468,473,324,327,132,0,0,0.135335283,-2.000000002,0.035292853,0,229,484,0.012425774,-4.387982406,0,0.001397343,1.81E-49,3889.976976,37,0,0,669,293.7,90.81812727,-2.230376485
0,467,6/9/2014 1:25,6/9/2014 1:25,528,13,43,-31,131.6,703,1739,226,224,156,0,0,0.135335283,-2.000000002,0.061590247,0,229,484,0.066992214,-2.70317888,0,0.01001192,1.43E-50,3310.082838,59,2,0,857,563.3,31.0776061,-0.261172959
0,468,4/19/2015 21:12,4/19/2015 21:12,459,42,126,-34,-2.4,649,653,360,209,137,1,0,0.135335283,-2.000000002,0.11062752,0,229,484,0.016658784,-4.094817656,0,0.003191649,1.12E-51,2813.234046,39,0,0,850,396.5,72.06604328,-1.404411734
0,469,1/30/2014 16:24,1/30/2014 16:24,998,58,-63,-15,-39.1,821,940,360,117,99,1,0,0.135335283,-2.000000002,0.1108587,0,229,484,0.007154286,-4.940043683,0,0.000196894,3.32E-16,6891.94177,49,1,0,472,364.5,-124.4779484,-4.190037762
0,470,2/9/2015 2:48,2/9/2015 1:36,182,18,-61,-1,0.3,161,177,88,89,88,0,0,0.135335283,-2.000000002,0.027249409,0,229,484,0.000883543,-7.031570829,0,0.000458858,3.84E-59,947.129217,42,0,0,161,456.5,-111.2024381,-3.343964908
0,471,4/9/2012 12:39,4/9/2012 12:36,982,48,65,18,-2.8,899,909,360,310,14,1,0,0.135335283,-2.000000002,0.6079784,1,229,484,0.403142212,-0.908465895,440000,0.011752775,1.99E-16,6765.578665,26,0,0,0,317.8,-19.31269488,-0.100859974
0,472,1/28/2016 7:24,1/28/2016 7:24,555,19,53,0,-11.4,356,330,262,267,77,0,0,0.135335283,-2.000000002,0.09985235,0,229,484,0.092410285,-2.381517001,0,0.01253141,3.55E-50,3507.027303,29,0,0,0,354.5,-11.65150511,-0.036711079
0,473,12/19/2015 13:25,12/19/2015 13:25,903,33,-102,23,-12.3,698,714,58,59,49,0,0,0.135335283,-2.000000002,0.05012061,0,229,484,0.000837516,-7.085070351,0,3.24E-05,6.60E-18,6145.567466,25,0,0,0,406.2,-148.8702531,-5.993064429
0,474,1/25/2016 12:14,1/25/2016 12:14,250,32,85,13,0.6,449,448,278,275,67,0,0,0.135335283,-2.000000002,0.069864556,0,229,484,0.024248834,-3.719386766,0,0.00985884,1.54E-56,1380.365229,27,0,0,457,412.8,31.98118136,-0.276580844
0,475,9/8/2015 11:12,9/8/2015 10:36,280,16,-90,55,12,422,594,34,34,42,0,0,0.135335283,-2.000000002,0.026528947,0,229,484,0.001009966,-6.897838311,0,0.000368585,1.27E-55,1577.741089,30,1,0,340,488,-114.7871673,-3.563032389
0,476,12/1/2015 18:36,12/1/2015 18:24,320,7,118,37,29.9,425,872,291,296,32,0,0,0.135335283,-2.000000002,0.03949688,0,229,484,0.008935341,-4.717740936,0,0.002823605,1.50E-54,1845.862719,25,1,0,310,490.5,75.14389985,-1.526935015
0,477,4/4/2014 18:12,4/4/2014 18:12,220,33,103,53,1.9,251,264,307,316,158,0,0,0.135335283,-2.000000002,0.024742806,0,229,484,0.008626469,-4.752919989,0,0.003907256,1.40E-57,1186.59806,59,1,0,445,423.3,66.67396659,-1.202114067
0,478,6/30/2016 3:48,6/30/2016 3:36,643,20,172,10,-7.8,175,0,301,311,0,0,0,0.135335283,-2.000000002,0.038055576,0,229,484,0.006573939,-5.02464209,0,0.000649413,5.14E-49,4157.731058,25,2,0,540,344.7,105.2689914,-2.996636168
0,479,3/12/2014 14:39,3/12/2014 14:48,1150,60,-154,30,-26.3,779,862,360,9,132,1,0,0.135335283,-2.000000002,0.099153884,0,229,484,0.016847487,-4.083553754,0,0.00026826,8.65E-15,8104.644805,54,0,0,0,283,119.7956822,-3.880747832
0,480,3/29/2014 7:24,3/29/2014 7:12,533,40,65,8,9,644,645,265,266,118,0,0,0.135335283,-2.000000002,0.069020614,0,229,484,0.08609871,-2.452260847,0,0.012637827,1.70E-50,3346.451919,55,2,0,820,391,10.22187437,-0.028254926
0,481,2/1/2013 22:12,2/1/2013 22:24,625,24,-50,-12,4.2,380,323,92,91,64,0,0,0.135335283,-2.000000002,0.04727593,0,229,484,0.005608476,-5.183476183,0,0.000591129,3.07E-49,4023.594781,17,0,0,0,400,-106.9078979,-3.090670262
0,482,7/24/2014 20:54,7/24/2014 20:48,283,39,-152,7,-1.8,143,0,66,82,62,0,0,0.135335283,-2.000000002,0.02817784,0,229,484,0.000222948,-8.408569844,0,8.05E-05,1.54E-55,1597.661472,36,0,0,564,325.5,137.1230009,-5.084563923
0,483,1/2/2012 15:24,1/2/2012 15:12,1152,50,99,-17,-8.4,1080,1109,360,244,92,1,0,0.135335283,-2.000000002,0.56773394,1,229,484,0.509239523,-0.674836798,540000,0.008050373,8.91E-15,8120.741577,34,0,0,683,382.7,42.09745574,-0.479230876
0,484,7/17/2016 11:24,7/17/2016 10:48,386,35,-10,-3,3.1,405,390,360,102,39,1,0,0.135335283,-2.000000002,0.13133937,0,229,484,0.019618279,-3.931293521,0,0.004888384,4.70E-53,2298.953225,23,0,0,0,457.5,-60.14123329,-0.978087599
0,485,9/16/2015 10:00,9/16/2015 9:48,404,11,-73,-13,-38.6,690,862,104,107,86,0,0,0.135335283,-2.000000002,0.03922596,0,229,484,0.001078896,-6.831817175,0,0.000251966,1.08E-52,2424.571611,28,0,0,470,471,-120.7589948,-3.943411254
0,486,11/8/2016 22:18,11/8/2016 19:36,282,10,-100,-1,2.7,261,328,112,98,0,0,0,0.135335283,-2.000000002,0.03566523,0,229,484,7.04E-06,-11.86437024,0,2.55E-06,1.45E-55,1591.017794,25,0,0,0,294.2,-177.6765445,-8.536764321
0,487,4/29/2014 21:28,4/29/2014 20:57,298,16,76,-39,3.3,249,356,229,227,77,0,0,0.135335283,-2.000000002,0.05582907,0,229,484,0.025184685,-3.681519208,0,0.008614407,4.02E-55,1697.733859,51,1,0,616,297.8,-39.00994914,-0.411513286
0,488,9/29/2011 18:54,9/29/2011 20:45,540,34,-156,27,-7.2,377,452,39,57,128,0,0,0.135335283,-2.000000002,0.03259746,0,229,484,0.000257889,-8.262979485,0,3.69E-05,2.16E-50,3397.447335,30,0,0,0,529.8,147.2607002,-5.864173563
0,489,1/28/2017 14:18,1/28/2017 14:12,450,13,-99,-7,4.9,464,546,90,101,30,0,0,0.135335283,-2.000000002,0.04413882,0,229,484,0.000250448,-8.292258168,0,4.96E-05,7.78E-52,2749.161412,15,0,0,0,508.2,-143.5124887,-5.569452247
0,490,7/31/2016 19:00,7/31/2016 19:00,354,24,12,-25,1.5,196,256,299,302,16,0,0,0.135335283,-2.000000002,0.06738367,0,229,484,0.019916182,-3.916222726,0,0.005568538,9.61E-54,2077.731107,19,0,0,0,358.7,-55.9930937,-0.847816804
0,491,7/28/2012 21:24,7/28/2012 21:12,802,60,-45,-20,-6.8,322,331,360,134,107,1,0,0.135335283,-2.000000002,0.116732255,0,229,484,0.009059426,-4.703949534,0,0.0005049,1.30E-21,5363.061104,33,0,0,0,347.7,-109.6009794,-3.248343612
0,492,9/4/2015 19:24,9/4/2015 19:36,325,55,-20,-25,5.2,269,389,127,129,37,0,0,0.135335283,-2.000000002,0.046220873,0,229,484,0.011118334,-4.499159849,0,0.003450763,1.99E-54,1879.743184,31,1,0,302,478.8,-70.03468301,-1.326353928
0,493,3/27/2012 22:12,3/27/2012 22:00,750,26,108,-22,0.1,623,623,261,248,84,0,0,0.135335283,-2.000000002,0.17295651,0,229,484,0.091591368,-2.390418248,112500,0.006155445,1.50E-25,4965.054905,23,0,0,1450,388.8,52.58013298,-0.747612327
0,494,3/4/2012 11:24,3/4/2012 11:00,1540,60,-48,25,28.3,1473,1399,360,52,86,1,0,0.135335283,-2.000000002,0.17367956,0,229,484,0.162631547,-1.816268087,0,0.000636028,1.88E-13,11302.88805,15,1,0,700,386.5,-105.6341568,-3.017462165
0,495,2/7/2015 17:00,2/7/2015 16:48,471,27,-97,-21,-14.3,154,257,104,112,76,0,0,0.135335283,-2.000000002,0.03458067,0,229,484,0.000208514,-8.475503092,0,3.83E-05,1.79E-51,2898.938162,40,0,0,0,404.3,-146.8095465,-5.828297171
0,496,3/16/2014 3:48,3/16/2014 3:36,767,35,-34,-53,0.4,601,600,152,145,122,0,0,0.135335283,-2.000000002,0.048408438,0,229,484,0.020211573,-3.901499937,0,0.001277692,5.48E-24,5094.787377,51,0,0,500,379.7,-92.62271897,-2.319894016
0,497,3/12/2016 0:00,3/12/2016 0:12,402,49,144,-36,12.3,587,515,198,213,70,0,0,0.135335283,-2.000000002,0.049529523,0,229,484,0.003914731,-5.543008718,0,0.000920854,9.89E-53,2410.57374,19,0,0,392,534,98.94491164,-2.647402796
0,498,10/25/2013 15:12,10/25/2013 15:12,980,40,-63,15,-25.2,881,1015,360,68,138,1,0,0.135335283,-2.000000002,0.30207446,1,229,484,0.0031802,-5.75081104,7015200,9.34E-05,1.86E-16,6749.80152,35,1,0,477,309,-135.1049478,-4.936005118
0,499,11/8/2014 17:00,11/8/2014 16:36,400,21,100,21,-0.8,415,412,305,272,86,0,0,0.135335283,-2.000000002,0.10479558,0,229,484,0.02693627,-3.614281561,130200,0.00638195,9.03E-53,2396.585819,47,0,0,800,440.3,51.29363426,-0.71147564
0,500,7/2/2017 13:25,7/2/2017 13:25,462,13,82,8,-16,422,179,268,269,13,0,0,0.135335283,-2.000000002,0.08529185,0,229,484,0.048365378,-3.028971047,0,0.009166763,1.26E-51,2834.63098,16,0,0,0,489.3,35.94373707,-0.349365126
0,501,5/27/2014 15:09,5/27/2014 14:48,350,20,-133,20,-3.5,371,319,75,55,78,0,0,0.135335283,-2.000000002,0.021308288,0,229,484,0.000123291,-9.000964264,0,3.50E-05,7.80E-54,2050.276604,65,0,0,837,315.7,147.9369783,-5.918158343
0,502,1/24/2017 17:00,1/24/2017 15:36,539,22,100,10,13.1,628,573,282,280,43,0,0,0.135335283,-2.000000002,0.09700662,0,229,484,0.069021076,-2.673343366,0,0.009914635,2.08E-50,3390.156693,14,0,0,0,328.3,31.65322525,-0.270937444
0,503,1/31/2013 17:12,1/31/2013 16:48,576,32,-65,34,11.6,822,771,67,61,49,0,0,0.135335283,-2.000000002,0.039013606,0,229,484,0.001288415,-6.654342876,0,0.000161995,6.97E-50,3661.118013,16,0,0,925,318.2,-127.3429875,-4.385136954
0,504,11/25/2015 6:48,11/25/2015 5:36,425,30,107,-14,3.3,408,444,243,257,61,0,0,0.135335283,-2.000000002,0.08011187,0,229,484,0.049517653,-3.00542605,0,0.010722338,2.74E-52,2572.137897,29,2,0,252,272.7,26.68912202,-0.192620128
0,505,5/29/2016 9:24,5/29/2016 9:24,510,19,70,25,-22.1,292,107,303,294,33,0,0,0.135335283,-2.000000002,0.071831934,0,229,484,0.064147597,-2.746568653,0,0.010228589,7.62E-51,3179.54947,25,2,0,280,430.2,29.77654416,-0.239762732
0,506,10/3/2014 4:17,10/3/2014 4:22,254,14,-50,13,-15.3,636,690,71,89,117,0,0,0.135335283,-2.000000002,0.026825005,0,229,484,0.000912619,-6.999191564,0,0.000365739,2.07E-56,1406.482904,42,1,0,480,349.3,-114.9119894,-3.570785642
0,507,12/1/2014 22:36,12/1/2014 22:24,380,20,-90,-23,0.3,306,315,111,110,141,0,0,0.135335283,-2.000000002,0.03156721,0,229,484,0.000699714,-7.264839463,0,0.000178158,3.53E-53,2257.265076,42,0,0,200,578.3,-125.9545316,-4.290033541
0,508,6/16/2014 10:24,6/16/2014 11:36,549,18,19,62,14.9,677,713,353,348,84,0,0,0.135335283,-2.000000002,0.030351156,0,229,484,0.023985307,-3.730313841,0,0.003323576,2.91E-50,3463.146044,56,1,0,900,351.8,-71.01923322,-1.36390792
0,509,9/17/2014 17:49,9/17/2014 17:49,500,40,-161,13,-15.2,296,0,57,20,123,0,0,0.135335283,-2.000000002,0.027723735,0,229,484,0.000507694,-7.585630869,0,8.39E-05,5.31E-51,3107.304049,40,1,0,225,376.8,136.5590226,-5.042824948
0,510,10/26/2014 19:24,10/26/2014 19:36,379,37,-100,49,-0.5,293,281,36,41,132,0,0,0.135335283,-2.000000002,0.026126582,0,229,484,0.0005636,-7.481166247,0,0.000144019,3.36E-53,2250.326222,35,0,0,0,359.5,-129.0395586,-4.502760325
0,511,7/18/2015 13:25,7/18/2015 13:25,222,30,91,12,-6.1,262,0,292,297,58,0,0,0.135335283,-2.000000002,0.06944243,0,229,484,0.024994284,-3.689108129,0,0.011239644,1.66E-57,1199.394379,31,1,0,212,322.8,23.19627475,-0.145502207
0,512,3/6/2014 6:12,3/6/2014 6:12,288,27,107,39,-3.1,452,417,301,295,127,0,0,0.135335283,-2.000000002,0.027603246,0,229,484,0.011024204,-4.507662088,0,0.003909045,2.14E-55,1630.932618,61,0,0,1070,481,66.6612669,-1.201656167
0,513,9/16/2016 13:36,9/16/2016 13:25,324,14,90,9,-6.5,184,0,269,277,13,0,0,0.135335283,-2.000000002,0.09893585,0,229,484,0.039123021,-3.241044215,0,0.012186284,1.88E-54,1872.960899,12,0,0,0,296.2,15.46067294,-0.064638293
0,514,10/1/2016 14:24,10/1/2016 14:12,524,23,-73,18,60.5,1344,1245,88,74,0,0,0,0.135335283,-2.000000002,0.04554617,0,229,484,0.002464884,-6.00561064,0,0.000373717,1.25E-50,3281.021643,22,0,0,535,534,-114.5642136,-3.549204719
0,515,7/3/2017 16:48,7/3/2017 16:48,191,16,95,0,5.4,356,395,263,262,0,0,0,0.135335283,-2.000000002,0.07650179,0,229,484,0.017340007,-4.054738908,0,0.008718231,9.65E-59,1003.184225,15,0,0,0,405.2,38.43791075,-0.399532986
0,516,5/19/2014 0:00,5/18/2014 22:24,370,14,-176,32,2.6,104,253,1,359,102,0,0,0.135335283,-2.000000002,0.024285294,0,229,484,0.001625939,-6.421669986,0,0.000429165,2.16E-53,2187.996112,61,0,0,0,340,112.3092842,-3.410864064
0,517,6/8/2014 16:36,6/8/2014 16:12,410,47,-50,40,-10.4,257,0,50,44,142,0,0,0.135335283,-2.000000002,0.023239326,0,229,484,0.006717547,-5.003032215,0,0.001535296,1.42E-52,2466.624435,58,0,0,450,594.7,-88.88062126,-2.136226294
0,518,5/3/2014 6:24,5/3/2014 6:12,576,25,51,11,0.1,583,584,308,288,123,0,0,0.135335283,-2.000000002,0.071969226,0,229,484,0.087870845,-2.431887213,0,0.011048206,6.97E-50,3661.118013,51,0,0,270,313.7,-24.52744211,-0.162681292
0,519,3/6/2016 7:00,3/6/2016 6:24,284,19,56,-11,25.7,723,857,251,252,78,0,0,0.135335283,-2.000000002,0.104095474,0,229,484,0.034550905,-3.365321532,0,0.012429016,1.65E-55,1604.308684,22,0,0,0,365.2,-12.88789856,-0.044915611
0,520,9/22/2010 5:00,9/22/2010 4:24,650,30,-67,22,-8.3,448,388,88,62,36,0,0,0.135335283,-2.000000002,0.04699218,0,229,484,0.001272752,-6.666573507,0,0.000122601,6.26E-49,4210.032036,5,0,0,0,335,-131.3263589,-4.663767586
0,521,12/5/2014 6:24,12/5/2014 6:24,445,44,76,14,-6,440,479,304,259,65,0,0,0.135335283,-2.000000002,0.075619854,0,229,484,0.05150767,-2.966024541,0,0.010378442,6.34E-52,2713.643056,37,0,0,0,453.8,28.85928713,-0.225218619
0,522,10/12/2013 17:40,10/12/2013 18:00,521,26,75,-9,5.2,294,372,186,183,112,0,0,0.135335283,-2.000000002,0.09042526,0,229,484,0.077874907,-2.552651493,0,0.01193534,1.12E-50,3259.245772,31,0,0,0,384.5,17.77576226,-0.085445572
0,523,4/18/2017 19:48,4/18/2017 19:48,934,50,-76,21,-14.1,796,874,360,67,23,1,0,0.135335283,-2.000000002,0.11763909,0,229,484,0.002201562,-6.118588397,0,7.63E-05,3.09E-17,6388.070993,30,0,0,512,344.3,-137.8441105,-5.138182476
0,524,6/6/2016 7:12,6/6/2016 7:12,333,10,-6,-13,27.6,357,815,137,137,0,0,0,0.135335283,-2.000000002,0.06891267,0,229,484,0.02441528,-3.712546133,0,0.007362571,3.12E-54,1934.111449,26,0,0,0,597.3,-45.85260847,-0.568540212
0,525,1/12/2014 7:12,1/12/2014 6:24,430,21,-53,48,11,410,527,41,33,133,0,0,0.135335283,-2.000000002,0.028348008,0,229,484,0.004949131,-5.308543261,0,0.001052546,3.39E-52,2607.42764,38,0,0,0,491.7,-96.4147327,-2.513737339
0,526,11/6/2014 4:00,11/6/2014 4:00,477,50,-58,27,-2.1,620,621,55,82,101,0,0,0.135335283,-2.000000002,0.028668461,0,229,484,0.003877455,-5.552576185,0,0.000696268,2.25E-51,2941.905366,46,1,0,460,479.5,-104.038147,-2.926970264
0,527,4/14/2015 2:48,4/14/2015 2:36,1075,47,-150,55,-37.7,920,1136,360,24,105,1,0,0.135335283,-2.000000002,0.1120938,0,229,484,0.018363783,-3.997374867,0,0.000383039,2.32E-15,7503.581636,33,0,0,0,307.8,114.1659142,-3.524568945
0,528,2/25/2013 6:09,2/25/2013 4:12,730,45,95,27,22.2,890,760,313,300,51,0,0,0.135335283,-2.000000002,0.09879555,0,229,484,0.124308985,-2.084984997,0,0.008977938,6.37E-28,4812.92251,21,0,0,0,333.7,36.99894894,-0.370179076
0,529,6/13/2013 15:30,6/13/2013 16:12,441,25,60,11,-72.7,574,0,189,186,51,0,0,0.135335283,-2.000000002,0.096560776,0,229,484,0.061486677,-2.788934762,0,0.012568837,5.38E-52,2685.26879,14,0,0,1253,370,-11.16822507,-0.03372884
0,530,5/28/2014 7:00,5/28/2014 7:00,285,24,-92,34,5.4,317,426,71,57,70,0,0,0.135335283,-2.000000002,0.020593157,0,229,484,0.000152687,-8.787122193,0,5.47E-05,1.76E-55,1610.959416,65,0,0,350,325.3,-142.2294961,-5.470316272
0,531,1/26/2014 8:48,1/26/2014 8:36,729,40,-82,-31,-43,766,980,125,119,97,0,0,0.135335283,-2.000000002,0.04604599,0,229,484,0.001244292,-6.689188535,0,9.02E-05,4.63E-28,4805.330151,41,0,0,697,355.7,-135.5800653,-4.970782613
0,532,10/22/2010 1:25,10/21/2010 22:36,400,27,10,45,25.7,697,799,283,321,36,0,0,0.135335283,-2.000000002,0.059836917,0,229,484,0.018491219,-3.990459308,0,0.004381083,9.03E-53,2396.585819,7,0,0,0,377.3,-63.42036127,-1.087653387
0,533,11/10/2016 23:36,11/10/2016 22:24,350,31,112,1,0.7,317,316,269,285,24,0,0,0.135335283,-2.000000002,0.052273706,0,229,484,0.016696057,-4.092582702,0,0.004735904,7.80E-54,2050.276604,27,0,0,456,450.3,61.10772892,-1.00977678
0,534,1/25/2015 13:48,1/25/2015 13:48,350,13,130,60,2.9,386,393,336,336,62,0,0,0.135335283,-2.000000002,0.033686284,0,229,484,0.009696409,-4.635999655,0,0.002750425,7.80E-54,2050.276604,35,0,0,357,330.2,75.78727088,-1.553193734
0,535,10/7/2014 13:25,10/7/2014 14:48,324,24,81,8,30.2,295,873,67,67,68,0,0,0.135335283,-2.000000002,0.07299026,0,229,484,0.039072819,-3.242328212,0,0.012170647,1.88E-54,1872.960899,40,0,0,365,339.3,15.61347594,-0.065922291
0,536,2/1/2016 6:48,2/1/2016 5:48,475,25,60,25,9.6,371,531,291,289,44,0,0,0.135335283,-2.000000002,0.077326074,0,229,484,0.056978312,-2.865084572,0,0.010305428,2.08E-51,2927.574532,31,0,0,0,302.3,-29.30812942,-0.232278651
0,537,10/23/2013 12:12,10/23/2013 11:36,340,30,-91,69,4.2,444,404,22,22,124,0,0,0.135335283,-2.000000002,0.024395628,0,229,484,0.001707831,-6.372531302,0,0.00050219,4.58E-54,1981.84151,32,0,0,650,331.7,-109.6917338,-3.25372538
0,538,12/14/2013 6:48,12/14/2013 6:36,600,25,-80,-23,-21.1,385,422,116,112,135,0,0,0.135335283,-2.000000002,0.033707395,0,229,484,0.000827959,-7.096546785,0,9.55E-05,1.46E-49,3838.157793,38,1,0,756,382.3,-134.7999025,-4.913740863
0,539,8/8/2013 23:54,8/8/2013 22:36,349,25,6,-45,9,411,478,225,203,89,0,0,0.135335283,-2.000000002,0.057434343,0,229,484,0.013252,-4.323606829,0,0.00377254,7.40E-54,2043.420101,25,0,0,0,361.2,-67.63999524,-1.237200907
0,540,9/24/2014 21:54,9/24/2014 21:30,1400,45,-170,10,-23.7,1307,1210,360,190,108,1,0,0.135335283,-2.000000002,0.40821564,1,229,484,0.013195384,-4.327888221,2697000,8.54E-05,9.47E-14,10141.91852,46,0,0,402,434.5,136.3185767,-5.025082299
0,541,12/27/2016 1:36,12/27/2016 0:12,387,15,104,-18,7.5,284,430,236,239,16,0,0,0.135335283,-2.000000002,0.058245033,0,229,484,0.014574019,-4.22851487,0,0.003618431,4.93E-53,2305.910356,17,0,0,0,630,68.77067174,-1.278908949
0,542,6/23/2012 7:24,6/23/2012 7:24,588,62,105,28,-29.1,1068,1188,360,290,16,1,0,0.135335283,-2.000000002,0.1715316,0,229,484,0.048767184,-3.02069765,0,0.005872366,1.01E-49,3749.515445,23,0,0,0,405.8,54.21042347,-0.794691729
0,543,6/11/2014 21:24,6/11/2014 21:24,273,19,-65,-31,-28.9,227,0,125,119,174,0,0,0.135335283,-2.000000002,0.024839789,0,229,484,0.001700729,-6.37669836,0,0.000636518,7.92E-56,1531.3858,55,1,0,700,529.2,-105.6206828,-3.016692439
0,544,5/24/2015 13:48,5/24/2015 13:25,380,12,93,-12,4.3,344,355,254,251,78,0,0,0.135335283,-2.000000002,0.07512695,0,229,484,0.042027494,-3.169431266,0,0.010700859,3.53E-53,2257.265076,41,0,0,0,333,26.82768205,-0.194625345
0,545,10/14/2013 22:00,10/14/2013 21:48,544,35,-95,15,-1.2,336,335,77,61,128,0,0,0.135335283,-2.000000002,0.033622574,0,229,484,0.000463706,-7.676260238,0,6.54E-05,2.46E-50,3426.62839,30,0,0,0,484,-139.8902329,-5.291854317
0,546,12/24/2011 0:54,12/24/2011 0:36,520,40,-70,17,3,522,509,56,44,84,0,0,0.135335283,-2.000000002,0.03257836,0,229,484,0.000842289,-7.079387735,0,0.000129557,1.08E-50,3251.990982,34,0,0,572,364.8,-130.5470626,-4.608581813
0,547,8/2/2017 1:25,8/2/2017 1:25,325,19,-90,30,19.4,511,738,58,60,13,0,0,0.135335283,-2.000000002,0.036651168,0,229,484,0.000247637,-8.303548469,0,7.69E-05,1.99E-54,1879.743184,17,0,0,0,390.3,-137.7442773,-5.130742547
0,548,10/16/2013 16:00,10/16/2013 15:48,375,38,34,-8,-76.6,324,0,205,212,119,0,0,0.135335283,-2.000000002,0.08845162,0,229,484,0.046528579,-3.06768855,0,0.012062081,2.77E-53,2222.59726,29,0,0,0,471.2,-16.640792,-0.074882628
0,549,4/18/2013 18:36,4/18/2013 18:24,493,56,80,0,-2.9,445,470,284,285,85,0,0,0.135335283,-2.000000002,0.31404933,1,229,484,0.076644328,-2.568579675,840000,0.012992543,4.11E-51,3056.851023,6,0,0,0,291.8,1.456619046,-0.000573753
0,550,5/13/2013 16:18,5/13/2013 16:07,1900,40,-70,10,-76.6,1495,1723,360,63,153,1,0,0.135335283,-2.000000002,0.51821125,1,229,484,0.100690158,-2.295707221,2747500,0.000107749,4.72E-13,14344.25741,22,1,0,1200,358.3,-133.1320735,-4.7929013
0,551,1/30/2013 13:48,1/30/2013 13:25,355,25,85,18,5.7,460,469,296,294,53,0,0,0.135335283,-2.000000002,0.09327633,0,229,484,0.040164677,-3.214767345,0,0.011189635,1.01E-53,2084.601815,14,0,0,0,329.5,23.54904126,-0.149961424
0,552,7/21/2011 23:18,7/21/2011 23:24,608,26,-131,-20,30.3,387,854,324,329,60,0,0,0.135335283,-2.000000002,0.057847776,0,229,484,0.000160768,-8.735549551,0,1.80E-05,1.86E-49,3897.386328,4,0,0,0,646.2,-156.0081675,-6.581543629
0,553,4/4/2017 17:24,4/4/2017 17:41,258,27,95,22,118.8,815,1688,286,299,76,0,0,0.135335283,-2.000000002,0.062396858,0,229,484,0.018580545,-3.9856402,0,0.007339826,2.77E-56,1432.663573,16,2,0,449,428,45.97720697,-0.571634278
0,554,12/19/2014 10:48,12/19/2014 10:00,337,22,-83,6,1.3,299,305,80,79,175,0,0,0.135335283,-2.000000002,0.027967827,0,229,484,0.000130961,-8.940609128,0,3.89E-05,3.89E-54,1961.367948,30,0,0,885,357.7,-146.591575,-5.811003206
0,555,4/19/2016 9:36,4/19/2016 9:36,328,38,5,13,-4.8,156,0,20,20,28,0,0,0.135335283,-2.000000002,0.044889405,0,229,484,0.014924001,-4.204784585,0,0.004582161,2.36E-54,1900.108464,28,0,0,0,345.7,-62.09827292,-1.042778664
0,556,2/3/2013 8:24,2/3/2013 8:12,740,18,-84,30,-10.5,757,813,69,51,80,0,0,0.135335283,-2.000000002,0.045141563,0,229,484,0.002426896,-6.021142201,0,0.000169079,1.19E-26,4888.921138,19,0,0,320,461.5,-126.7200046,-4.342336279
0,557,12/4/2011 20:39,12/4/2011 20:12,520,46,72,43,-18.3,422,0,97,128,162,0,0,0.135335283,-2.000000002,0.04634294,0,229,484,0.048234779,-3.031674966,0,0.007419267,1.08E-50,3251.990982,36,1,0,270,414.7,45.54221917,-0.560869045
0,558,7/10/2014 15:39,7/10/2014 14:48,260,35,-6,45,8.5,444,509,324,297,161,0,0,0.135335283,-2.000000002,0.023671035,0,229,484,0.008141158,-4.810822815,0,0.003192909,3.20E-56,1445.777224,50,1,1,1015,394,-72.05591213,-1.404016894
0,559,12/10/2016 17:24,12/10/2016 17:24,237,24,89,9,-2.2,227,133,269,269,0,0,0,0.135335283,-2.000000002,0.059277534,0,229,484,0.013758527,-4.28609648,0,0.005861812,5.67E-57,1295.930253,16,0,0,0,650.3,54.27174296,-0.796490558
0,560,9/14/2013 12:24,9/14/2013 11:48,543,31,-112,6,-5.3,316,297,84,84,25,0,0,0.135335283,-2.000000002,0.033370424,0,229,484,0.000115931,-9.062516619,0,1.64E-05,2.38E-50,3419.330361,34,1,0,370,499.7,-157.1061442,-6.674510698
0,561,3/20/2014 6:39,3/20/2014 4:36,393,47,-70,2,-2,725,721,360,140,139,1,0,0.135335283,-2.000000002,0.07294589,0,229,484,0.000308709,-8.083112107,0,7.50E-05,6.54E-53,2347.707177,50,0,0,185,336.5,-138.0709335,-5.155106186
0,562,12/7/2016 11:39,12/7/2016 10:36,483,23,-73,20,3.7,368,355,74,66,19,0,0,0.135335283,-2.000000002,0.03881929,0,229,484,0.000538854,-7.526065988,0,9.47E-05,2.83E-51,2984.948044,18,0,0,0,348.8,-134.9139656,-4.922060066
0,563,7/5/2015 9:48,7/5/2015 8:36,350,12,-6,10,20.3,238,702,81,85,109,0,0,0.135335283,-2.000000002,0.04884081,0,229,484,0.021996038,-3.816892945,0,0.006239265,7.80E-54,2050.276604,28,0,0,626,504.7,-52.10233979,-0.734087023
0,564,7/29/2014 8:00,7/29/2014 8:48,195,16,36,48,2.8,206,250,323,329,137,0,0,0.135335283,-2.000000002,0.03750417,0,229,484,0.01214291,-4.4110098,0,0.006017943,1.43E-58,1028.234914,35,0,0,662,364.3,-53.36866068,-0.770203879
0,565,5/28/2015 23:48,5/28/2015 23:48,724,15,90,59,-11.9,96,0,50,46,12,0,0,0.135335283,-2.000000002,0.044810902,0,229,484,0.061184715,-2.793857882,0,0.004515416,8.74E-29,4767.388968,35,0,0,0,360.5,62.53364975,-1.057451961
0,566,1/24/2015 15:48,1/24/2015 17:36,357,53,7,-58,44.9,486,1057,35,33,59,0,0,0.135335283,-2.000000002,0.050409846,0,229,484,0.010744523,-4.533359111,0,0.002971884,1.12E-53,2098.351674,35,1,0,160,350.5,-73.87377949,-1.47575319
0,567,7/26/2013 8:24,7/26/2013 6:48,850,15,-176,14,16.5,334,632,353,5,71,0,0,0.135335283,-2.000000002,0.046889585,0,229,484,0.001327723,-6.62428976,0,6.23E-05,1.84E-19,5733.450897,21,0,0,0,555.3,140.5446806,-5.341483838
0,568,11/29/2014 0:36,11/28/2014 23:12,294,49,-20,26,8.8,572,488,38,29,157,0,0,0.135335283,-2.000000002,0.028354194,0,229,484,0.006034959,-5.110186202,0,0.002094195,3.13E-55,1670.972452,43,1,0,315,374,-82.16894474,-1.825780281
0,569,10/31/2015 8:00,10/31/2015 3:36,240,35,97,31,5.7,444,359,292,313,86,0,0,0.135335283,-2.000000002,0.051630627,0,229,484,0.018727613,-3.977756211,0,0.00789318,7.17E-57,1315.353342,29,1,0,655,349.2,42.95483875,-0.49895029
0,570,9/27/2012 10:24,9/27/2012 10:12,1592,64,170,-20,-3.6,1295,1309,360,227,113,1,0,0.135335283,-2.000000002,0.21412286,0,229,484,0.133365586,-2.014661152,0,0.000432529,2.28E-13,11737.41222,19,0,0,0,407,112.18065,-3.40305523
0,571,9/11/2013 9:24,9/11/2013 8:48,597,32,-114,-60,10.4,744,668,150,149,60,0,0,0.135335283,-2.000000002,0.050153352,0,229,484,0.002294932,-6.077051916,0,0.000267537,1.34E-49,3815.974517,31,0,0,600,380,-119.8373201,-3.883445994
0,572,11/22/2012 10:00,11/22/2012 9:48,500,35,-43,-3,47.7,1062,1211,73,92,95,0,0,0.135335283,-2.000000002,0.04138781,0,229,484,0.003473813,-5.662502303,0,0.000574218,5.31E-51,3107.304049,28,0,0,850,355.7,-107.408739,-3.119696381
0,573,6/18/2015 1:25,6/18/2015 1:25,1720,40,90,-19,27.7,1841,1757,279,270,77,0,0,0.135335283,-2.000000002,0.1716864,0,229,484,4.001113398,1.386572672,0,0.008185202,3.31E-13,12814.13686,29,0,0,510,436.2,41.36150338,-0.462621407
0,574,5/5/2014 0:12,5/4/2014 23:12,422,49,-121,-4,5,255,410,81,82,142,0,0,0.135335283,-2.000000002,0.025351051,0,229,484,1.83E-05,-10.90610291,0,4.02E-06,2.40E-52,2550.992243,53,1,0,431,353.2,172.884568,-8.082496985
0,575,1/29/2016 21:17,1/29/2016 21:17,856,35,85,-24,6,961,925,261,238,64,0,0,0.135335283,-2.000000002,0.13478987,0,229,484,0.240119793,-1.426617344,0,0.011018084,2.98E-19,5779.943442,29,0,0,0,290.7,24.73239656,-0.165411422
0,576,2/4/2014 8:48,2/4/2014 8:48,365,32,-136,-16,-9,213,0,126,123,144,0,0,0.135335283,-2.000000002,0.023953812,0,229,484,9.93E-05,-9.21755315,0,2.67E-05,1.69E-53,2153.462534,56,1,0,660,336.2,151.281153,-6.188747229
0,577,5/9/2015 9:12,5/9/2015 9:12,520,43,-107,-20,-3,461,498,121,106,139,0,0,0.135335283,-2.000000002,0.02870281,0,229,484,0.000130117,-8.947074931,0,2.00E-05,1.08E-50,3251.990982,53,1,0,670,400.2,-154.755429,-6.476269009
0,578,3/24/2015 8:36,3/24/2015 8:24,1450,50,100,-3,-34.4,1626,1727,360,255,108,1,0,0.135335283,-2.000000002,0.5758388,1,229,484,0.999523857,-0.000476256,2271200,0.005404754,1.25E-13,10555.01231,46,0,0,320,532,56.97038614,-0.877670335
0,579,10/22/2013 4:36,10/22/2013 4:24,782,48,-6,49,12.2,738,697,34,10,118,0,0,0.135335283,-2.000000002,0.04472885,0,229,484,0.035429468,-3.340211384,0,0.002121968,7.43E-23,5209.570407,31,0,0,0,320.3,-81.87194268,-1.812605462
0,580,11/21/2012 16:24,11/21/2012 16:00,850,45,-12,8,-9.4,420,410,360,194,106,1,0,0.135335283,-2.000000002,0.13585906,0,229,484,0.072541664,-2.623594213,0,0.003401311,1.84E-19,5733.450897,27,0,0,730,393.7,-70.4147364,-1.340788292
0,581,7/6/2014 5:12,7/6/2014 4:12,407,22,-116,77,6,346,381,15,11,185,0,0,0.135335283,-2.000000002,0.020747304,0,229,484,0.003426903,-5.676098308,0,0.000791724,1.24E-52,2445.586966,51,0,0,0,256.5,101.729174,-2.798492386
0,582,5/2/2013 14:36,5/2/2013 14:12,350,22,70,-16,-2.5,362,347,228,235,104,0,0,0.135335283,-2.000000002,0.091591604,0,229,484,0.038992974,-3.244373794,0,0.011060514,7.80E-54,2050.276604,16,0,0,395,447,24.44336299,-0.161567873
0,583,7/1/2015 14:36,7/1/2015 14:36,1300,45,133,3,-19.8,1321,1385,360,311,54,1,0,0.135335283,-2.000000002,0.5140426,1,229,484,0.286534847,-1.249895119,237150,0.002658761,4.65E-14,9321.155406,28,0,0,0,406.3,76.60976343,-1.587089198
0,584,12/5/2015 2:09,12/5/2015 2:12,324,18,-66,34,-0.7,317,305,48,51,50,0,0,0.135335283,-2.000000002,0.029292015,0,229,484,0.000909868,-7.002210886,0,0.000283411,1.88E-54,1872.960899,22,1,0,605,383.8,-118.9446374,-3.825804965
0,585,6/23/2011 12:39,6/23/2011 13:25,350,35,-40,2,2.5,354,415,341,336,58,0,0,0.135335283,-2.000000002,0.051026355,0,229,484,0.008486725,-4.769252094,0,0.002407294,7.80E-54,2050.276604,15,0,0,0,588.2,-78.97137422,-1.686446173
0,586,11/26/2011 7:12,11/26/2011 7:12,930,72,45,23,9,1012,975,360,327,131,1,0,0.135335283,-2.000000002,0.629209,1,229,484,0.309109614,-1.174059328,24327750,0.010866623,2.57E-17,6356.721665,32,0,0,330,402.8,-25.74643852,-0.179253406
0,587,4/6/2015 20:36,4/6/2015 19:36,917,22,-15,-9,1.1,435,450,125,75,53,0,0,0.135335283,-2.000000002,0.062989466,0,229,484,0.106499892,-2.239611308,0,0.003923343,1.38E-17,6254.955552,33,0,0,558,447.2,-66.55992728,-1.198005387
0,588,5/25/2014 22:24,5/25/2014 18:36,362,19,108,-20,5.5,388,361,248,250,109,0,0,0.135335283,-2.000000002,0.043507762,0,229,484,0.022936388,-3.775030639,0,0.006230924,1.45E-53,2132.775205,61,0,0,492,390,52.14979006,-0.735424717
0,589,12/30/2014 20:42,12/30/2014 21:11,1130,9,130,-6,-17.4,744,843,221,260,88,0,0,0.135335283,-2.000000002,0.062346473,0,229,484,0.081930007,-2.501889971,0,0.001401952,6.35E-15,7943.86939,28,1,0,500,584,90.7510706,-2.227084049
0,590,10/31/2012 19:54,10/31/2012 18:24,580,40,105,13,5.8,458,444,285,296,50,0,0,0.135335283,-2.000000002,0.07935753,0,229,484,0.064524622,-2.740708397,0,0.007996843,7.90E-50,3690.5563,17,0,0,310,356.5,42.38947222,-0.485902476
0,591,7/11/2014 11:24,7/11/2014 11:12,600,14,13,-19,11.8,605,666,215,205,144,0,0,0.135335283,-2.000000002,0.048976187,0,229,484,0.053245088,-2.932849727,0,0.006140496,1.46E-49,3838.157793,51,1,0,815,363.2,-52.66556742,-0.750043805
0,592,2/27/2012 18:48,2/27/2012 18:36,600,33,119,20,11.4,727,692,281,286,44,0,0,0.135335283,-2.000000002,0.060829647,0,229,484,0.027564419,-3.591229506,0,0.00317887,1.46E-49,3838.157793,13,0,0,0,477.3,72.168902,-1.408423585
0,593,10/9/2013 3:30,10/9/2013 2:12,300,22,-85,-25,-0.4,404,398,128,123,106,0,0,0.135335283,-2.000000002,0.03459077,0,229,484,0.000837839,-7.084684612,0,0.000284526,4.55E-55,1711.134742,27,1,0,530,616,-118.8835876,-3.82187869
0,594,12/23/2011 2:48,12/23/2011 2:24,330,30,145,17,6.4,448,515,287,302,103,0,0,0.135335283,-2.000000002,0.03737088,0,229,484,0.005278597,-5.24409501,0,0.001609076,2.64E-54,1913.700576,32,0,0,0,400.7,87.89875453,-2.089289088
0,595,11/11/2015 21:48,11/11/2015 21:24,322,31,-41,-22,4,514,517,128,121,61,0,0,0.135335283,-2.000000002,0.03775218,0,229,484,0.007030644,-4.957476908,0,0.002205774,1.68E-54,1859.405598,38,1,0,755,583.5,-80.99243735,-1.773870987
0,596,10/7/2012 9:09,10/7/2012 7:36,850,35,20,-38,20.2,943,814,202,207,40,0,0,0.135335283,-2.000000002,0.09319209,0,229,484,0.107020811,-2.234731968,0,0.005017959,1.84E-19,5733.450897,23,0,0,430,329,-59.33146315,-0.951926047
0,597,3/17/2016 12:39,3/17/2016 12:00,482,23,100,-36,-1.4,383,376,228,228,72,0,0,0.135335283,-2.000000002,0.060095515,0,229,484,0.024281846,-3.718026301,0,0.004282466,2.72E-51,2977.769063,26,0,0,219,536.7,64.08068791,-1.110420379
0,598,3/12/2013 10:54,3/12/2013 10:36,660,49,-19,47,-4.1,988,1011,1,25,115,0,0,0.135335283,-2.000000002,0.045403574,0,229,484,0.015674247,-4.155736229,0,0.001456475,8.26E-49,4284.878291,17,0,0,0,323,-89.97035221,-2.188930307
0,599,11/7/2015 6:00,11/7/2015 6:00,265,15,-61,-17,-6.7,160,0,115,116,82,0,0,0.135335283,-2.000000002,0.03290368,0,229,484,0.002187292,-6.125091225,0,0.000842538,4.56E-56,1478.628404,37,0,0,0,571.8,-100.592162,-2.736285304
0,600,6/28/2013 1:54,6/28/2013 2:00,1200,41,35,-39,-22.8,841,976,360,214,75,1,0,0.135335283,-2.000000002,0.5894883,1,229,484,0.585780541,-0.534810063,1264800,0.007790813,1.69E-14,8508.092203,23,1,0,751,408.8,-43.51311658,-0.512004141
0,601,4/29/2016 5:00,4/29/2016 5:00,362,29,-143,28,-8.3,384,306,68,51,82,0,0,0.135335283,-2.000000002,0.030096496,0,229,484,0.000180575,-8.619363628,0,4.91E-05,1.45E-53,2132.775205,32,0,0,0,374.5,143.6452018,-5.579757707
0,602,5/19/2014 23:24,5/19/2014 23:12,220,22,-78,-1,12,386,545,92,88,102,0,0,0.135335283,-2.000000002,0.022622045,0,229,484,9.34E-05,-9.278348276,0,4.23E-05,1.40E-57,1186.59806,64,0,0,370,339.3,-145.5350529,-5.727542355
0,603,8/31/2017 14:48,8/31/2017 14:48,255,10,81,14,6.2,311,452,275,273,73,0,0,0.135335283,-2.000000002,0.065662764,0,229,484,0.018944616,-3.966235514,0,0.007564905,2.23E-56,1413.022204,11,0,0,333,602.3,44.74602365,-0.541429592
0,604,7/1/2014 7:12,7/1/2014 7:00,264,30,-146,28,-4,268,171,48,47,134,0,0,0.135335283,-2.000000002,0.02160442,0,229,484,0.000226847,-8.391236886,0,8.77E-05,4.25E-56,1472.050563,51,0,0,675,329.8,135.9620421,-4.998830964
0,605,11/11/2014 12:36,11/11/2014 12:24,900,20,46,39,14.7,883,884,304,325,89,0,0,0.135335283,-2.000000002,0.07225171,0,229,484,0.219584189,-1.51601957,0,0.008599772,5.59E-18,6122.155287,48,1,0,470,468.7,-39.09046013,-0.413213649
0,606,1/13/2016 0:42,1/12/2016 23:36,224,28,-100,51,3.7,300,331,21,19,38,0,0,0.135335283,-2.000000002,0.024212167,0,229,484,0.000618301,-7.388534828,0,0.000276048,1.97E-57,1212.208716,35,1,0,580,556.8,-119.3531428,-3.852128906
0,607,6/4/2011 22:09,6/4/2011 22:05,2500,60,140,16,-140.2,1960,2281,360,300,115,1,0,0.135335283,-2.000000002,0.69808483,1,182,394,9.474751749,2.24863055,49362750,0.001169277,7.85E-13,19560.11503,10,0,0,1050,504.3,94.37620425,-2.408563529
0,608,11/8/2012 11:09,11/8/2012 11:00,1285,70,176,-17,-15.9,833,917,360,216,65,1,0,0.135335283,-2.000000002,0.16904162,0,229,484,0.028686811,-3.551317815,0,0.000280955,4.08E-14,9198.690487,16,1,0,680,413.3,119.0799101,-3.834511894
0,609,9/29/2011 19:39,9/29/2011 20:50,650,40,139,-26,-7.5,503,536,246,256,128,0,0,0.135335283,-2.000000002,0.04427156,0,229,484,0.01248037,-4.383598268,0,0.001202205,6.26E-49,4210.032036,31,1,0,540,512.3,93.83053925,-2.380792346
0,610,4/18/2014 0:12,4/17/2014 22:24,744,34,51,-46,-35.3,573,542,212,222,178,0,0,0.135335283,-2.000000002,0.0671594,0,229,484,0.105780211,-2.246391814,0,0.007264238,3.42E-26,4919.35853,59,0,0,416,396.3,-46.39163537,-0.581985893
0,611,2/27/2017 16:12,2/27/2017 16:12,206,32,56,-12,-2.9,151,0,254,258,50,0,0,0.135335283,-2.000000002,0.09811139,0,229,484,0.025963739,-3.651054372,0,0.012367857,4.05E-58,1097.542491,14,0,0,0,367.3,-13.57717087,-0.04984845
0,612,8/23/2014 18:18,8/23/2014 18:24,300,15,30,10,40.2,394,991,254,290,150,0,0,0.135335283,-2.000000002,0.05254204,0,229,484,0.020070483,-3.908505036,0,0.006815846,4.55E-55,1711.134742,36,0,0,0,293.5,-48.86507265,-0.645699114
0,613,4/20/2012 2:00,4/20/2012 2:00,441,17,50,31,13.1,476,612,316,326,168,0,0,0.135335283,-2.000000002,0.05424782,0,229,484,0.045423702,-3.091721241,0,0.009285314,5.38E-52,2685.26879,40,1,0,650,338.3,-35.27653115,-0.336515319
0,614,1/1/2014 14:36,1/1/2014 14:00,531,28,-85,-55,18.8,820,705,148,157,124,0,0,0.135335283,-2.000000002,0.04189135,0,229,484,0.003032933,-5.798225064,0,0.0004484,1.59E-50,3331.898633,49,0,0,0,510.5,-111.5851101,-3.367019142
0,615,12/7/2011 9:39,12/7/2011 9:36,724,44,169,20,28.6,855,998,360,327,132,1,0,0.135335283,-2.000000002,0.1017816,0,229,484,0.018486702,-3.990703606,0,0.001364314,8.74E-29,4767.388968,38,1,0,669,295.3,91.30384897,-2.254297685
0,616,9/8/2011 23:09,9/8/2011 22:12,1040,40,130,35,15,1114,1038,350,315,54,0,0,0.135335283,-2.000000002,0.08084154,0,229,484,0.170887057,-1.766752427,0,0.004043064,1.05E-15,7224.855032,16,0,0,750,326.8,65.71960269,-1.167946506
0,617,2/8/2014 13:39,2/8/2014 14:24,245,19,-91,6,11.7,544,585,89,93,147,0,0,0.135335283,-2.000000002,0.022034006,0,229,484,0.000117379,-9.050106078,0,4.86E-05,1.05E-56,1347.808262,63,0,0,530,430.8,-143.7679797,-5.589300156
0,618,12/21/2016 20:00,12/21/2016 20:00,207,24,-80,3,3.6,351,306,90,84,30,0,0,0.135335283,-2.000000002,0.03663258,0,229,484,0.000566542,-7.475958897,0,0.000268903,4.44E-58,1103.87279,18,0,0,0,575.8,-119.7587128,-3.878352975
0,619,12/14/2013 9:39,12/14/2013 9:12,338,40,107,-37,-18.4,269,0,222,213,135,0,0,0.135335283,-2.000000002,0.043822695,0,229,484,0.017575231,-4.041264676,0,0.005205369,4.11E-54,1968.189513,39,2,0,756,393,58.17754614,-0.915258755
0,620,10/1/2011 9:54,10/1/2011 9:36,330,23,55,38,-3.3,414,394,317,315,118,0,0,0.135335283,-2.000000002,0.05012377,0,229,484,0.027907437,-3.578862053,0,0.008507033,2.64E-54,1913.700576,33,0,0,1500,534.2,39.59999463,-0.424056132
0,621,10/5/2011 18:54,10/5/2011 9:12,350,23,-30,-33,7.4,430,418,138,137,100,0,0,0.135335283,-2.000000002,0.04305541,0,229,484,0.006523076,-5.032409263,0,0.001850297,7.80E-54,2050.276604,33,0,0,0,425,-84.90955868,-1.949603341
0,622,6/5/2013 9:12,6/5/2013 9:12,610,28,17,-43,-1.4,482,495,180,190,79,0,0,0.135335283,-2.000000002,0.08095902,0,229,484,0.059180777,-2.827158503,0,0.006583699,1.98E-49,3912.209964,18,0,0,600,500,-50.15918505,-0.680352581
0,623,8/2/2015 22:12,8/2/2015 21:48,516,41,-99,-25,-0.5,452,455,102,123,53,0,0,0.135335283,-2.000000002,0.03726675,0,229,484,0.00057324,-7.464205625,0,8.95E-05,9.42E-51,3222.991091,41,0,0,420,531.2,-135.6920812,-4.978999703
0,624,9/18/2013 13:36,9/18/2013 13:25,475,16,-102,-38,-16.3,95,0,129,129,63,0,0,0.135335283,-2.000000002,0.037517004,0,229,484,0.000628771,-7.371743573,0,0.000113723,2.08E-51,2927.574532,33,0,0,387,489.7,-132.3804798,-4.738937651
0,625,1/22/2012 10:48,1/22/2012 9:24,694,29,139,38,-19.3,0,0,95,96,109,0,0,0.135335283,-2.000000002,0.036285274,0,229,484,0.022715614,-3.784702761,0,0.001867597,9.16E-35,4540.475541,25,1,0,438,411.3,84.70665683,-1.940296839
0,626,6/10/2015 14:12,6/10/2015 14:12,367,44,22,46,5.5,454,554,46,42,93,0,0,0.135335283,-2.000000002,0.04936359,0,229,484,0.026436169,-3.633022173,0,0.007053565,1.86E-53,2167.267798,23,0,0,853,642.3,-47.5501556,-0.611416251
0,627,12/20/2012 15:09,12/20/2012 13:25,550,64,-152,12,1.5,331,343,95,44,56,0,0,0.135335283,-2.000000002,0.040193807,0,229,484,0.000109999,-9.115038505,0,1.52E-05,3.01E-50,3470.455053,19,0,0,0,492.3,158.0182144,-6.752232583
0,628,6/16/2016 2:36,6/16/2016 2:24,516,40,-170,82,-13.9,277,0,21,6,28,0,0,0.135335283,-2.000000002,0.0324932,0,229,484,0.006604052,-5.020071823,0,0.001030541,9.42E-51,3222.991091,18,0,0,0,553,96.81907923,-2.534865902
0,629,9/13/2014 14:12,9/13/2014 13:48,300,16,-162,-45,-5.3,95,0,167,163,125,0,0,0.135335283,-2.000000002,0.031599857,0,229,484,0.000366081,-7.912654958,0,0.00012432,4.55E-55,1711.134742,38,0,0,830,579.8,131.1302472,-4.649849036
0,630,4/19/2012 15:39,4/19/2012 15:12,650,25,-18,-28,7.9,660,612,138,118,148,0,0,0.135335283,-2.000000002,0.04300012,0,229,484,0.019976758,-3.913185769,0,0.001924314,6.26E-49,4210.032036,37,1,0,500,351.2,-84.05108373,-1.910379848
0,631,10/4/2011 13:10,10/4/2011 13:25,1370,50,-155,35,-29.1,906,1025,360,15,128,1,0,0.135335283,-2.000000002,0.1286656,0,229,484,0.01901457,-3.962549747,0,0.000137134,7.83E-14,9894.915446,33,0,0,0,359.8,129.7395416,-4.551743826
0,632,2/9/2016 19:48,2/9/2016 19:23,450,14,-76,14,5.5,456,453,72,78,84,0,0,0.135335283,-2.000000002,0.031417694,0,229,484,0.000522399,-7.557079391,0,0.000103382,7.78E-52,2749.161412,33,0,0,600,385.8,-133.7054348,-4.83427347
0,633,6/16/2016 7:48,6/16/2016 7:48,484,42,-166,11,2.5,356,367,27,48,28,0,0,0.135335283,-2.000000002,0.0363475,0,229,484,0.000183663,-8.602410356,0,3.22E-05,2.94E-51,2992.129095,19,1,0,516,530.7,148.9812485,-6.002004434
0,634,3/8/2016 12:22,3/8/2016 12:57,307,45,89,22,4,516,542,237,250,63,0,0,0.135335283,-2.000000002,0.06562014,0,229,484,0.023015541,-3.771585589,0,0.007621473,6.97E-55,1758.142259,21,0,0,0,464.3,44.43711071,-0.533979667
0,635,11/3/2012 6:00,11/3/2012 5:12,500,35,-165,-42,2.6,435,428,196,199,44,0,0,0.135335283,-2.000000002,0.04905138,0,229,484,0.00274264,-5.898834305,0,0.000453355,5.31E-51,3107.304049,18,1,0,317,303.2,111.4028409,-3.356028383
0,636,6/11/2017 23:24,6/11/2017 23:12,279,25,87,-2,30.8,363,867,267,276,0,0,0,0.135335283,-2.000000002,0.08875454,0,229,484,0.027581648,-3.590604654,0,0.010102174,1.19E-55,1571.108087,15,0,0,419,405.5,30.5390064,-0.252198732
0,637,2/7/2016 3:48,2/7/2016 3:36,332,27,58,-11,-0.2,229,223,254,266,89,0,0,0.135335283,-2.000000002,0.09119977,0,229,484,0.041567257,-3.180442512,0,0.012580057,2.95E-54,1927.30481,30,0,0,0,399.7,11.01951502,-0.03283659
0,638,11/16/2014 2:00,11/16/2014 1:48,240,22,-98,47,-9.7,188,0,45,42,103,0,0,0.135335283,-2.000000002,0.021220878,0,229,484,0.000682699,-7.289456892,0,0.000287739,7.17E-57,1315.353342,46,1,0,180,623.2,-118.7088341,-3.810650971
0,639,5/29/2011 21:30,5/29/2011 21:24,915,40,-55,-5,3.4,1425,1416,107,105,98,0,0,0.135335283,-2.000000002,0.23053005,0,229,484,0.037966569,-3.271049271,15750900,0.001408755,1.25E-17,6239.31552,9,0,0,850,642.8,-90.65239051,-2.222243349
0,640,3/30/2016 13:09,3/30/2016 12:36,415,42,134,-24,-2.1,186,0,174,232,17,0,0,0.135335283,-2.000000002,0.047627762,0,229,484,0.00674616,-4.998781867,0,0.00151433,1.77E-52,2501.735586,23,0,0,0,510.3,89.16619902,-2.149975946
0,641,11/3/2010 15:00,11/3/2010 12:36,260,30,-88,-10,-6.9,187,0,98,97,18,0,0,0.135335283,-2.000000002,0.041324727,0,229,484,4.21E-05,-10.07538642,0,1.65E-05,3.20E-56,1445.777224,8,0,0,0,321.8,-157.0363356,-6.668580502
0,642,11/14/2012 3:12,11/14/2012 3:36,276,28,100,-28,-19.8,559,301,143,160,133,0,0,0.135335283,-2.000000002,0.060402222,0,229,484,0.018610077,-3.984052096,0,0.006890221,9.71E-56,1551.230639,24,0,0,834,390.5,48.45266919,-0.634846174
0,643,2/6/2014 5:24,2/6/2014 5:24,308,28,-126,-43,-64,472,0,151,150,171,0,0,0.135335283,-2.000000002,0.025157345,0,229,484,0.000248415,-8.300411774,0,8.20E-05,7.40E-55,1764.870733,61,2,0,351,397.8,136.8779341,-5.066405853
0,644,11/23/2012 9:54,11/23/2012 8:12,440,30,176,-13,5.5,413,453,240,249,78,0,0,0.135335283,-2.000000002,0.039870366,0,229,484,0.003455509,-5.667785549,0,0.000708907,5.16E-52,2678.18088,29,0,0,500,318.7,103.7179187,-2.908979628
0,645,7/12/2017 14:00,7/12/2017 13:36,377,30,30,9,10.6,502,499,268,279,61,0,0,0.135335283,-2.000000002,0.09057854,0,229,484,0.044563422,-3.110841902,0,0.011469753,3.05E-53,2236.456436,14,1,0,588,461.8,-21.52028474,-0.12523598
0,646,11/25/2016 17:39,11/25/2016 18:00,262,19,-122,-3,7.9,362,484,88,94,13,0,0,0.135335283,-2.000000002,0.037994117,0,229,484,4.06E-05,-10.11211843,0,1.58E-05,3.69E-56,1458.90626,20,0,0,0,641.2,-157.5527571,-6.712512512
0,647,7/30/2014 10:36,7/30/2014 10:24,425,39,-131,35,-7.4,139,0,36,38,122,0,0,0.135335283,-2.000000002,0.024323115,0,229,484,0.00030364,-8.099667019,0,6.57E-05,2.74E-52,2572.137897,36,1,0,620,326.8,139.8242194,-5.286861098
0,648,3/11/2017 16:00,3/11/2017 14:24,379,35,-80,-2,14.7,699,596,89,80,0,0,0,0.135335283,-2.000000002,0.044757143,0,229,484,0.000262979,-8.243435497,0,6.72E-05,3.36E-53,2250.326222,12,0,0,338,384.7,-139.5352263,-5.265029576
0,649,10/1/2016 3:09,10/1/2016 2:36,535,23,-65,7,-1.3,362,372,104,87,0,0,0,0.135335283,-2.000000002,0.0432257,0,229,484,0.004524478,-5.398253047,0,0.000659352,1.82E-50,3361.01271,21,0,0,0,571.3,-105.0018641,-2.981447126
0,650,2/24/2015 10:12,2/24/2015 10:12,830,43,-129,-32,-9.8,799,868,107,141,44,0,0,0.135335283,-2.000000002,0.050939288,0,229,484,0.000692686,-7.274933793,0,3.49E-05,3.03E-20,5578.783332,35,2,0,300,464.5,-147.9615925,-5.920127871
0,651,11/2/2013 18:36,11/2/2013 18:24,737,13,96,-16,-18.5,473,553,257,252,101,0,0,0.135335283,-2.000000002,0.07295903,0,229,484,0.138194842,-1.97909069,0,0.00973244,5.17E-27,4866.107277,55,0,0,1078,341.7,32.71872052,-0.289484768
0,652,4/9/2014 6:12,4/9/2014 6:00,375,19,130,-42,2.5,330,371,214,218,94,0,0,0.135335283,-2.000000002,0.031238072,0,229,484,0.007892156,-4.841885975,0,0.002045964,2.77E-53,2222.59726,64,1,0,690,459.7,82.69158385,-1.849080054
0,653,3/15/2015 2:00,3/15/2015 1:48,1000,38,28,-15,-9,611,682,360,240,53,1,0,0.135335283,-2.000000002,0.20311531,0,229,484,0.279537584,-1.274618526,0,0.007638007,3.53E-16,6907.755279,46,0,0,0,326.3,-44.34684894,-0.531812604
0,654,11/14/2011 20:39,11/14/2011 20:24,344,30,10,-35,2.1,810,807,179,220,164,0,0,0.135335283,-2.000000002,0.05588163,0,229,484,0.017054844,-4.071321006,0,0.004943306,5.67E-54,2009.18073,26,1,0,675,369,-59.79675562,-0.966915084
0,655,12/4/2016 14:24,12/4/2016 14:12,519,13,71,21,-6.3,373,282,273,291,38,0,0,0.135335283,-2.000000002,0.09492491,0,229,484,0.072736995,-2.620905152,0,0.011228443,1.05E-50,3244.738115,17,0,0,0,282,-23.2756129,-0.146499231
0,656,11/9/2013 17:12,11/9/2013 17:00,550,17,53,-6,-6.4,209,0,349,336,104,0,0,0.135335283,-2.000000002,0.07446709,0,229,484,0.087755879,-2.43319642,0,0.012116387,3.01E-50,3470.455053,57,0,0,0,603.2,16.13394129,-0.070390498
0,657,3/17/2014 12:48,3/17/2014 12:48,310,22,-39,-41,-15,316,0,128,140,126,0,0,0.135335283,-2.000000002,0.029470788,0,229,484,0.00169011,-6.382961649,0,0.000553659,8.34E-55,1778.337412,51,1,0,306,304.7,-108.0345495,-3.156155728
0,658,5/4/2015 19:36,5/4/2015 19:36,490,17,-95,-20,-16.4,427,202,107,109,103,0,0,0.135335283,-2.000000002,0.02908401,0,229,484,0.000155888,-8.766375833,0,2.67E-05,3.67E-51,3035.258642,55,0,0,560,358.5,-151.2667628,-6.187569911
0,659,8/15/2015 19:12,8/15/2015 18:48,232,25,-112,21,0.4,210,223,72,66,39,0,0,0.135335283,-2.000000002,0.025202377,0,229,484,6.71E-05,-9.608722652,0,2.91E-05,3.80E-57,1263.64307,38,1,0,650,494.3,-150.2062904,-6.10111673
0,660,12/25/2011 1:24,12/25/2011 1:25,480,30,0,35,-11.5,472,450,329,355,97,0,0,0.135335283,-2.000000002,0.041284055,0,229,484,0.020462102,-3.889180795,0,0.003634874,2.52E-51,2963.41733,36,0,0,600,360.3,-68.64865827,-1.274374874
0,661,8/21/2015 10:24,8/21/2015 10:12,350,39,-7,-33,15.2,628,764,131,72,73,0,0,0.135335283,-2.000000002,0.058822818,0,229,484,0.01592161,-4.140077977,0,0.004516229,7.80E-54,2050.276604,27,0,0,0,461.8,-62.52833008,-1.057272056
0,662,9/12/2013 21:17,9/12/2013 21:27,580,20,-85,-19,11,639,550,121,103,52,0,0,0.135335283,-2.000000002,0.04258796,0,229,484,0.000959827,-6.94875777,0,0.000118956,7.90E-50,3690.5563,32,0,0,0,460.5,-131.7506506,-4.693951848
0,663,11/18/2011 0:00,11/17/2011 23:12,465,20,98,40,-4.7,431,412,304,309,132,0,0,0.135335283,-2.000000002,0.042627953,0,229,484,0.031853332,-3.446613288,0,0.005972359,1.41E-51,2856.047394,31,2,0,773,390.3,53.63144267,-0.777807367
0,664,9/22/2016 11:12,9/22/2016 11:00,398,17,-104,9,-2.9,399,365,78,81,36,0,0,0.135335283,-2.000000002,0.038544286,0,229,484,0.000105676,-9.155133757,0,2.52E-05,8.24E-53,2382.607898,18,0,0,0,464.5,-151.96869,-6.245127835
0,665,9/7/2011 20:12,9/7/2011 20:12,621,23,120,43,3.8,681,647,304,321,72,0,0,0.135335283,-2.000000002,0.050447423,0,229,484,0.033100777,-3.408198527,0,0.003539398,2.73E-49,3993.856602,15,1,0,650,389.7,69.36188185,-1.300992605
0,666,12/28/2015 12:39,12/28/2015 12:12,850,58,14,-15,4.6,1243,1228,360,163,71,1,0,0.135335283,-2.000000002,0.58727455,1,229,484,0.169279497,-1.776204101,8222900,0.007937125,1.84E-19,5733.450897,33,0,0,0,420.7,-42.71517843,-0.49339818
0,667,10/16/2014 13:26,10/16/2014 13:26,860,9,-88,-13,-24.6,640,552,97,96,70,0,0,0.135335283,-2.000000002,0.045069054,0,229,484,0.001428606,-6.551055996,0,6.46E-05,4.06E-19,5810.961855,42,0,0,329,425.3,-140.0539781,-5.304250075
0,668,4/18/2017 10:00,4/18/2017 10:00,512,16,-78,-3,-4.9,537,557,69,95,23,0,0,0.135335283,-2.000000002,0.04010017,0,229,484,0.000176907,-8.639885767,0,2.80E-05,8.18E-51,3194.022208,29,0,0,0,314.7,-150.6876069,-6.140279846
0,669,11/10/2012 5:39,11/10/2012 5:12,900,20,-16,-20,-9.9,675,689,189,184,79,0,0,0.135335283,-2.000000002,0.06435553,0,229,484,0.038963182,-3.24513812,0,0.00152595,5.59E-18,6122.155287,21,0,0,570,314.2,-89.00755288,-2.142332199
0,670,11/7/2013 10:39,11/7/2013 10:36,2100,92,-135,-13,-50.8,1119,1273,360,89,166,1,0,0.135335283,-2.000000002,0.5158405,1,229,484,0.033077837,-3.408891808,9762600,1.72E-05,6.06E-13,16064.35451,57,0,0,950,354.2,156.5351897,-6.626085887
0,671,10/8/2013 22:54,10/8/2013 22:00,400,22,-30,30,7.4,533,502,55,40,96,0,0,0.135335283,-2.000000002,0.039154034,0,229,484,0.013369588,-4.314772715,0,0.003167626,9.03E-53,2396.585819,26,0,0,530,581.7,-72.2596236,-1.411966793
0,672,6/17/2015 8:24,6/17/2015 8:36,510,30,-65,15,0.3,505,507,81,88,80,0,0,0.135335283,-2.000000002,0.031325176,0,229,484,0.002937732,-5.830117544,0,0.000468433,7.62E-51,3179.54947,28,3,0,490,491.5,-110.8584971,-3.323311622
0,673,4/17/2014 10:24,4/17/2014 10:00,416,10,125,62,5.3,263,375,331,328,199,0,0,0.135335283,-2.000000002,0.022499204,0,229,484,0.011008621,-4.509076607,0,0.002462258,1.85E-52,2508.765068,59,1,0,497,380.3,78.44102112,-1.663870685
0,674,9/4/2016 13:25,9/4/2016 12:48,216,32,26,-14,6.5,432,390,191,229,49,0,0,0.135335283,-2.000000002,0.100655064,0,229,484,0.02628513,-3.638751891,0,0.012078215,9.92E-58,1161.060136,16,0,0,0,658.5,-16.49160376,-0.073545969
0,675,8/4/2014 16:12,8/4/2014 15:48,222,37,-163,45,3.5,250,288,12,7,146,0,0,0.135335283,-2.000000002,0.022921564,0,229,484,0.000418106,-7.779775574,0,0.000188017,1.66E-57,1199.394379,37,0,0,535,436.8,125.1613174,-4.236169652
0,676,2/8/2015 8:48,2/8/2015 7:48,161,41,-63,-47,11.4,342,518,133,144,84,0,0,0.135335283,-2.000000002,0.03481276,0,229,484,0.001406075,-6.566952821,0,0.000787574,3.64E-60,818.1061028,41,0,0,471,515.2,-101.8246337,-2.803746899
0,677,5/31/2012 1:24,5/31/2012 0:48,645,25,-175,-35,0.9,569,576,177,188,89,0,0,0.135335283,-2.000000002,0.052984383,0,229,484,0.002281787,-6.082796401,0,0.000223791,5.44E-49,4172.666454,18,0,0,0,425,122.5611716,-4.061990479
0,678,2/1/2016 20:54,2/1/2016 18:00,585,20,-26,-6,10.6,457,540,94,77,44,0,0,0.135335283,-2.000000002,0.039007418,0,229,484,0.004001236,-5.521151864,0,0.000487046,9.24E-50,3727.392931,32,0,0,475,271.8,-110.2066754,-3.284345942
0,679,11/4/2014 9:12,11/4/2014 8:48,610,47,-108,29,12.3,786,715,57,65,109,0,0,0.135335283,-2.000000002,0.028324893,0,229,484,0.000336065,-7.998205451,0,3.74E-05,1.98E-49,3912.209964,45,1,0,873,411.2,-147.1002225,-5.851399529
0,680,1/11/2013 23:55,1/11/2013 23:24,325,22,-48,6,24.1,466,772,196,198,163,0,0,0.135335283,-2.000000002,0.037212063,0,229,484,0.001665501,-6.397629196,0,0.000516917,1.99E-54,1879.743184,14,0,0,685,373.8,-109.2034636,-3.224823274
0,681,10/28/2012 9:54,10/28/2012 8:48,496,45,85,-12,-1.6,459,475,269,258,53,0,0,0.135335283,-2.000000002,0.10662353,0,229,484,0.069002498,-2.673612573,0,0.011571471,4.59E-51,3078.46166,17,0,0,420,337.3,20.74781425,-0.116406651
0,682,6/11/2014 10:39,6/11/2014 9:24,376,22,-56,41,-115.1,595,0,130,125,174,0,0,0.135335283,-2.000000002,0.023496868,0,229,484,0.004555334,-5.391456389,0,0.001176682,2.91E-53,2229.525518,56,0,0,700,578.2,-94.25243884,-2.402250467
0,683,6/1/2017 13:25,6/1/2017 12:48,339,23,-92,-7,8.1,585,557,97,99,15,0,0,0.135335283,-2.000000002,0.045777462,0,229,484,7.44E-05,-9.506662057,0,2.19E-05,4.33E-54,1975.014036,9,0,0,0,366.5,-153.652137,-6.384256136
