dummy,index,donki_date,cdaw_date,donki_speed,donki_ha,longitude,latitude,Accel,2nd_order_speed_final,2nd_order_speed_20R,Central_PA,MPA,sunspots,halo,target,100MeV_peak_intensity,100MeV_peak_intensity_ln,predicted_100MeV_peak_intensity_ln,threshold_time,peak_time,expected_richardson,expected_richardson_ln,Type_2_Area,diffusive_shock,V log V,CMEs_past_month,CMEs_past_9_hours,CMEs_over_1000_past_9_hrs,Max_speed_past_day,solar_wind_speed,connection_angle_degrees,connection_angle_degrees_phi_2_solar_wind_sq_div
0,287,3/7/2012 0:36,3/7/2012 0:24,2200.0,50,-60.0,30.0,-88.2,2379,2594,360,57,106,1,1,56.311,4.030889898,0.7091861,218,904,1.0361588364210867,0.03552044909421088,40244400.0,6.620385553278427e-13,16931.667806562094,19,0,0,605,391.5,-114.44260168952133,-3.541673629385189
0,869,1/7/2014 18:24,1/7/2014 18:24,2061.0,49,30.0,-24.0,-60.8,1569,1714,360,231,140,1,1,3.8035,1.335921695,0.2178998,115,250,14.75944034598627,2.6918829015148615,22122780.0,5.822268419633585e-13,15727.380903215237,45,0,0,0,381.8,-37.7279940152516,-0.3849111769645378
0,352,5/17/2012 1:48,5/17/2012 1:48,1500.0,45,75.0,-10.0,-51.8,1323,1473,360,261,110,1,1,14.992,2.707516725,0.24143505,17,56,2.7053134844889617,0.9952177963374054,4396000.000000001,1.5900309589691883e-13,10969.830580635453,31,0,0,410,360.5,15.138965993788728,-0.06197628214199338
0,868,1/6/2014 8:09,1/6/2014 8:00,1275.0,45,102.0,-3.0,-7.1,1360,1385,360,274,167,1,1,2.8889,1.060875807,-0.26684314,30,100,0.8096908080683318,-0.21110282262283758,12152159.999999998,3.731142058309529e-14,9117.14435843047,45,0,0,296,376.2,41.16772935535881,-0.4582969011022367
0,108,8/4/2011 4:10,8/4/2011 4:12,1950.0,60,40.0,14.0,-41.1,1074,1208,360,298,92,1,1,1.5055,0.409125069,0.38162947,159,280,11.453410583086182,2.4382875531649706,28532700.0,5.07900991713928e-13,14772.390070537696,10,0,0,1320,344.7,-29.72332973629903,-0.23890652531442888
0,2285,9/6/2017 12:24,9/6/2017 9:48,1238.0,44,23.0,-15.0,-13.8,315,0,245,246,100,0,2,0.975,-0.025317808,-1.3414025,21,57,0.8352801190341568,-0.17998813849220308,0,2.5964483816750734e-14,8816.110537116743,12,0,0,0,434.8,-32.971900739280834,-0.29398221697160304
0,419,7/12/2012 16:54,7/12/2012 16:48,1400.0,70,-6.0,-17.0,195.6,1092,2265,360,158,125,1,2,0.22,-1.514127733,-0.6222021,46,70,0.7078899533034582,-0.345466630556613,13406250.0,9.466374403645442e-14,10141.91852184469,48,0,0,440,419.0,-62.09476066477086,-1.0426607090360125
0,860,12/28/2013 18:00,12/28/2013 17:36,769.0,65,101.0,-1.0,-26.7,989,967,360,284,100,1,2,0.25,-1.386294361,-0.9279379,85,190,0.1545600635306613,-1.8671724974759505,527000.0000000006,7.966106596036483e-24,5110.0749555498405,52,0,0,725,336.5,32.90365933878607,-0.2927665759553499
0,141,9/22/2011 11:24,9/22/2011 10:48,1905.0,70,-90.0,10.0,-68.3,1563,1809,360,72,109,1,2,0.164,-1.807888851,-1.9973428,1027,1035,0.03532181828541551,-3.343254424236917,10795750.0,4.753177431731414e-13,14387.012032803328,22,0,0,1500,391.2,-147.18879904070465,-5.858448502716317
0,59,3/21/2011 2:54,3/21/2011 2:24,1000.0,70,130.0,20.0,8,1389,1367,360,274,24,1,2,0.205,-1.5847453,-1.5852733,111,416,0.1447982480574577,-1.9324138981544217,0,3.527341651497805e-16,6907.755278982137,9,0,0,0,351.0,66.3262413950306,-1.1896079766338215
0,1831,11/30/2015 3:09,11/30/2015 2:24,455.0,36,110.0,-23.0,8.1,524,515,247,237,47,0,0,0.135335283,-2.000000002,-1.8610435,229,484,0.023420654549701714,-3.7541369728810925,0,9.512704442984885e-52,2784.7353256226825,25,0,0,770,455.3,62.29306725415839,-1.049331051360492
0,948,2/12/2014 20:12,2/12/2014 20:57,366.0,12,-62.0,32.0,18,494,657,73,69,161,0,0,0.135335283,-2.000000002,-1.5589864,229,484,0.0015341895796201963,-6.4797529985230256,0,1.7725051886181842e-53,2160.3638000249,75,1,0,755,413.2,-113.02616993756342,-3.4545470770024247
0,754,10/25/2013 4:25,10/25/2013 3:24,365.0,25,-79.0,1.0,-3.9,295,246,97,86,138,0,0,0.135335283,-2.000000002,-2.8108022,229,484,0.00012042180835409313,-9.024509908982987,0,1.6856925299061217e-53,2153.4625340576094,32,0,0,0,327.8,-148.90303336613363,-5.995703987462386
0,1916,2/20/2016 14:24,2/20/2016 14:24,925.0,32,-6.0,-8.0,-5.4,433,411,360,273,52,1,0,0.135335283,-2.000000002,-1.0837128,229,484,0.149758910173115,-1.89872854343535,0,2.0366833732361938e-17,6317.559207198993,28,0,0,0,450.5,-57.237591282659196,-0.8859226219147496
0,172,10/27/2011 12:24,10/27/2011 12:00,730.0,25,-35.0,23.0,-5,507,528,360,54,93,1,0,0.135335283,-2.000000002,-1.3945231,229,484,0.01918297733143251,-3.953731990529489,0,6.368895165204436e-28,4812.922509923979,24,0,0,0,408.7,-90.9920249428205,-2.2389260690088886
0,361,5/27/2012 6:24,5/27/2012 5:48,960.0,38,-50.0,10.0,-0.2,723,723,67,78,82,0,0,0.135335283,-2.000000002,-1.2278891,229,484,0.012006887226568511,-4.4222748582847755,0,9.042719432066885e-17,6592.255953083407,23,1,1,1100,354.0,-114.34231118948891,-3.5354689367641754
0,1422,12/13/2014 14:24,12/13/2014 14:24,2400.0,50,150.0,-9.0,-84.4,1913,2111,360,265,140,1,0,0.135335283,-2.000000002,-1.0507493,229,484,3.396934526347157,1.222873415029545,242400.00000000076,7.510002791628296e-13,18679.73763920649,30,1,0,449,531.0,106.62475234877483,-3.074320663449855
0,53,3/4/2011 5:36,3/4/2011 5:36,400.0,25,-66.0,10.0,-7.9,422,476,89,94,99,0,0,0.135335283,-2.000000002,-1.0050209,229,484,0.0027381108843394417,-5.90048705463809,0,9.030411862098435e-53,2396.5858188431926,5,1,0,540,579.8,-105.28734411252131,-2.9976811331174895
0,48,2/15/2011 2:25,2/15/2011 2:24,920.0,35,15.0,-20.0,-18.3,508,471,360,189,83,1,0,0.135335283,-2.000000002,-0.9700788,229,484,0.22039173671853882,-1.5123486946088647,4524000.0,1.5996125755224178e-17,6278.423776439639,4,0,0,0,432.7,-42.19887646466907,-0.48154277308826426
0,248,1/3/2012 11:24,1/3/2012 9:36,318.0,34,-61.0,18.0,4,483,513,33,28,120,0,0,0.135335283,-2.000000002,-2.4919696,229,484,0.0010689964782395278,-6.841034941388502,0,1.334470498957474e-54,1832.3323397240963,34,0,0,1152,405.5,-116.06860607188966,-3.643029019867902
0,2124,11/9/2016 17:54,11/9/2016 16:00,176.0,19,146.0,7.0,1.7,146,219,271,278,14,0,0,0.135335283,-2.000000002,-1.8449543,229,484,0.004413978920934485,-5.422978746660925,0,2.02269733959062e-59,910.0051831267147,27,0,0,724,344.8,79.6086170421828,-1.713772825140324
0,1247,7/31/2014 21:12,7/31/2014 19:00,338.0,15,81.0,32.0,6.4,434,385,285,298,131,0,0,0.135335283,-2.000000002,-1.8064835,229,484,0.03270406434979318,-3.4202559167599405,0,4.105501253220129e-54,1968.1895126732604,36,0,0,0,316.0,32.986913805251305,-0.29424999523934
0,1953,4/6/2016 16:24,4/6/2016 15:12,464.0,31,14.0,23.0,6.9,492,465,330,344,20,0,0,0.135335283,-2.000000002,-2.077466,229,484,0.03434600714940086,-3.371269507262308,0,1.359912369054491e-51,2848.9064322329823,28,0,0,0,377.7,-50.83697020941389,-0.6988635857417078
0,1236,7/24/2014 20:54,7/24/2014 20:48,283.0,39,-152.0,7.0,-1.8,143,0,66,82,62,0,0,0.135335283,-2.000000002,-0.34355927,229,484,0.00022294848010214873,-8.40856984412798,0,1.5446020260046248e-55,1597.6614720330363,36,0,0,564,325.5,137.1230009363932,-5.08456392260738
0,998,3/14/2014 4:17,3/14/2014 3:24,460.0,29,-109.0,34.0,9.8,436,520,58,50,109,0,0,0.135335283,-2.000000002,-1.760632,229,484,0.00035164897886394154,-7.952877099056518,0,1.1612158801623699e-51,2820.3641851622447,53,2,0,383,481.3,-139.54902799563965,-5.266071177535917
0,1853,12/21/2015 1:24,12/21/2015 1:26,416.0,21,-82.0,-17.0,-4.7,278,358,110,116,18,0,0,0.135335283,-2.000000002,-1.9162669,229,484,0.00040903110075319823,-7.801719363851075,0,1.8507955363673675e-52,2508.7650682686854,28,2,0,361,408.5,-135.38532678890314,-4.956513442330475
0,1095,5/4/2014 0:24,5/4/2014 0:12,431.0,35,151.0,41.0,1.6,471,487,328,353,127,0,0,0.135335283,-2.000000002,-1.8832607,229,484,0.008283966883302919,-4.793433333126646,0,3.536438630799782e-52,2614.492586834715,53,2,0,630,346.0,86.04787602328807,-2.002227411606045
0,1301,9/13/2014 0:36,9/13/2014 0:24,830.0,18,-70.0,-7.0,-39.2,483,0,108,102,125,0,0,0.135335283,-2.000000002,-0.25329494,229,484,0.015175213951872858,-4.188091843165759,0,3.026503905002218e-20,5578.783331656234,38,0,0,0,706.2,-102.35961771247389,-2.8332859216451594
0,1137,5/21/2014 2:12,5/21/2014 2:12,503.0,30,-65.0,-17.0,-2.5,481,499,79,125,85,0,0,0.135335283,-2.000000002,-2.6899014,229,484,0.000599225828521289,-7.419872021681432,0,5.92079141989012e-51,3128.956855560169,65,0,0,460,318.0,-134.4445195550743,-4.8878661001608315
0,453,9/13/2012 7:42,9/13/2012 7:48,415.0,26,5.0,35.0,-2.2,306,293,321,344,58,0,0,0.135335283,-2.000000002,-2.1248546,229,484,0.01805573330461832,-4.014292010033546,0,1.7711012125356573e-52,2501.7355858957394,14,0,0,0,353.8,-65.65034314701539,-1.165486088512945
0,1023,3/24/2014 13:39,3/24/2014 12:48,552.0,23,-128.0,88.0,4.3,419,371,0,7,137,0,0,0.135335283,-2.000000002,-1.8211596,229,484,0.009616127504879671,-4.644313641618326,0,3.2144933146764117e-50,3485.0785215449564,53,2,0,707,420.3,91.99804970172677,-2.2887077200977255
0,1175,6/11/2014 18:24,6/11/2014 19:00,292.0,20,-65.0,-32.0,-19.3,427,272,77,83,174,0,0,0.135335283,-2.000000002,-0.8673961,229,484,0.0018754495769016746,-6.278906873953478,0,2.758916482720765e-55,1657.6121102623383,54,1,0,700,534.3,-105.10489485317409,-2.9873009524328773
0,393,6/29/2012 3:24,6/29/2012 4:00,476.0,22,129.0,-6.0,-10.1,396,390,260,272,103,0,0,0.135335283,-2.000000002,-1.5302551,229,484,0.017014585473259344,-4.073684333755696,0,2.1664125110525335e-51,2934.738898614156,31,2,0,876,409.2,73.08680570694949,-1.444478412235096
0,1092,5/3/2014 6:24,5/3/2014 6:12,576.0,25,51.0,11.0,0.1,583,584,308,288,123,0,0,0.135335283,-2.000000002,-2.0155969,229,484,0.08787084499360824,-2.431887213114474,0,6.968678150997935e-50,3661.1180125608334,51,0,0,270,313.7,-24.52744210703892,-0.1626812915938739
0,1776,10/1/2015 7:24,10/1/2015 7:12,483.0,26,104.0,-21.0,-3.4,880,901,244,248,93,0,0,0.135335283,-2.000000002,-1.2262384,229,484,0.053258856811271585,-2.9325911631287855,0,2.826971706140026e-51,2984.9480437141924,32,0,0,595,303.5,34.85840248013479,-0.32858524160818486
0,1352,10/19/2014 23:12,10/20/2014 2:00,326.0,17,143.0,64.0,-7.4,95,0,72,84,92,0,0,0.135335283,-2.000000002,-2.952938,229,484,0.00443636023052423,-5.417921006631403,0,2.1098731303954347e-54,1886.5285463255468,40,0,0,0,455.8,91.19072532193034,-2.2487150851108026
0,31,12/5/2010 1:00,12/5/2010 0:12,740.0,30,106.0,-5.0,2.2,332,322,260,268,44,0,0,0.135335283,-2.000000002,-1.1205652,229,484,0.15583148836572996,-1.8589800583558906,0,1.1897983489975178e-26,4888.9211377866795,3,0,0,0,284.2,25.81247678966323,-0.18017413683529016
0,1902,2/5/2016 21:12,2/5/2016 21:24,364.0,35,44.0,-31.0,0.2,447,448,193,241,103,0,0,0.135335283,-2.000000002,-1.679493,229,484,0.03695714759862821,-3.297996210548616,66000.00000000029,1.6029038451367442e-53,2146.5640078197735,29,0,0,0,469.2,-31.339318576280526,-0.26559028902801557
0,2098,10/11/2016 18:48,10/11/2016 19:24,181.0,15,41.0,-17.0,5.4,315,381,237,249,63,0,0,0.135335283,-2.000000002,-2.0968041,229,484,0.020824142585098973,-3.8716422641610393,0,3.459029170508909e-59,940.9279626591145,24,0,0,320,377.3,-25.83125229415608,-0.1804363426404391
0,334,4/20/2012 3:24,4/20/2012 2:48,600.0,38,175.0,13.0,10,382,511,17,11,168,0,0,0.135335283,-2.000000002,-2.2180443,229,484,0.005158695855464661,-5.2670714726221215,0,1.4631332347391062e-49,3838.157793129688,41,2,0,650,338.3,106.7970692855072,-3.0842655511015216
0,1480,2/2/2015 10:00,2/2/2015 7:48,223.0,14,53.0,26.0,8.5,408,488,62,51,93,0,0,0.135335283,-2.000000002,-2.2512207,229,484,0.02198822519542225,-3.817248187294208,0,1.8080442523887666e-57,1205.7993050356065,34,0,0,550,681.7,32.01939878934019,-0.2772422657736073
0,1043,4/4/2014 18:12,4/4/2014 18:12,220.0,33,103.0,53.0,1.9,251,264,307,316,158,0,0,0.135335283,-2.000000002,-2.423863,229,484,0.008626469198918867,-4.752919988667611,0,1.4013056374853362e-57,1186.5980601975195,59,1,0,445,423.3,66.67396658598952,-1.2021140671470112
0,297,3/25/2012 1:09,3/25/2012 0:48,750.0,20,-25.0,46.0,-9,641,699,15,15,89,0,0,0.135335283,-2.000000002,-1.7526462,229,484,0.030050164078052565,-3.5048871578476883,0,1.4972853025991714e-25,4965.054904897767,23,0,0,560,417.7,-82.98178361506561,-1.862081236327088
0,1571,4/12/2015 3:12,4/12/2015 3:12,1000.0,35,151.0,63.0,15.5,351,659,247,242,86,0,0,0.135335283,-2.000000002,-2.2213848,229,484,0.05905708840143056,-2.8292507028753215,0,3.527341651497805e-16,6907.755278982137,30,0,0,350,348.5,87.83890255148773,-2.086444781354721
0,1314,9/21/2014 6:24,9/21/2014 7:24,293.0,19,11.0,47.0,16,305,657,308,306,95,0,0,0.135335283,-2.000000002,-1.7969048,229,484,0.016753936793207993,-4.089122015896528,0,2.9391828971521697e-55,1664.290574442001,44,0,0,0,539.7,-54.429103584407684,-0.8011160943759279
0,1732,8/23/2015 4:36,8/23/2015 4:36,1288.0,11,-45.0,3.0,-40.3,598,443,90,90,81,0,0,0.135335283,-2.000000002,-1.179282,229,484,0.10427606369455926,-2.2607134380922806,0,4.191430071569704e-14,9223.169527783617,27,0,0,1057,439.0,-97.19726537450565,-2.5547075165716806
0,1872,1/6/2016 14:24,1/6/2016 14:00,940.0,45,138.0,-7.0,13.1,1085,1027,360,252,31,1,0,0.135335283,-2.000000002,-2.5185614,229,484,0.03133960299480549,-3.4628727098177947,0,4.0169958762828397e-17,6435.127082748207,31,0,0,0,549.3,96.22909634368924,-2.504066788297194
0,563,2/14/2013 23:12,2/14/2013 21:17,797.0,31,113.0,17.0,18.2,933,816,274,287,35,0,0,0.135335283,-2.000000002,-1.6896253,229,484,0.10163718001913273,-2.286345865709118,0,6.71704589433221e-22,5324.641178995802,18,0,0,822,381.7,54.82255296508123,-0.8127399441885171
0,436,8/13/2012 13:39,8/13/2012 13:25,500.0,30,-10.0,40.0,-3.5,405,371,360,359,74,1,0,0.135335283,-2.000000002,-1.0763928,229,484,0.02361079289092521,-3.7460513456055224,0,5.3095603255963777e-51,3107.304049211096,16,1,0,550,468.5,-66.70533395663381,-1.2032454240849224
0,344,5/3/2012 15:25,5/3/2012 14:24,650.0,35,-84.0,9.0,-7.7,488,520,90,78,96,0,0,0.135335283,-2.000000002,-3.522173,229,484,0.0001313655860886438,-8.937526388128967,0,6.258088787603373e-49,4210.032035878294,37,0,0,0,293.0,-160.13930275081674,-6.9347204666083675
0,862,12/31/2013 7:00,12/31/2013 6:24,325.0,45,90.0,-10.0,4.8,355,430,257,267,136,0,0,0.135335283,-2.000000002,-1.55387,229,484,0.032899852658864595,-3.414287099674803,0,1.9937334590976373e-54,1879.7431842571646,48,0,0,0,371.5,29.883062038791152,-0.24148117815420247
0,1968,4/19/2016 9:36,4/19/2016 9:36,328.0,38,5.0,13.0,-4.8,156,0,20,20,28,0,0,0.135335283,-2.000000002,-2.2678943,229,484,0.014924000569508086,-4.204784585462674,0,2.361569153474377e-54,1900.1084635499992,28,0,0,0,345.7,-62.09827291686773,-1.0427786639420735
0,2054,8/6/2016 3:24,8/6/2016 3:12,550.0,10,95.0,-2.0,6.7,579,614,256,260,39,0,0,0.135335283,-2.000000002,-1.9338056,229,484,0.04013032985007371,-3.215622875198749,0,3.009146696614012e-50,3470.455053024584,18,0,0,0,589.7,56.15796554988252,-0.8528169536781481
0,1349,10/17/2014 10:12,10/17/2014 9:24,300.0,40,-6.0,30.0,-165.8,506,0,360,159,64,1,0,0.135335283,-2.000000002,-1.9229801,229,484,0.012628727278552437,-4.371781117408158,0,4.549235719876401e-55,1711.1347423968602,43,0,0,860,427.3,-64.03897465131831,-1.108975195887558
0,6,8/1/2010 23:54,8/1/2010 23:18,686.0,35,-145.0,40.0,711.6,1039,3728,56,33,24,0,0,0.135335283,-2.000000002,-3.7303638,229,484,0.0008600259655298599,-7.058547976695923,0,4.552879407660497e-37,4480.182052619957,2,0,0,760,485.3,138.4752502075311,-5.185342055175322
0,222,12/9/2011 6:36,12/9/2011 5:36,808.0,26,149.0,-30.0,3.2,223,287,163,157,114,0,0,0.135335283,-2.000000002,-0.96480703,229,484,0.053493595524093204,-2.9281933420760033,0,2.7453751974906385e-21,5409.206143285045,41,1,0,419,297.0,74.33374120286076,-1.4941874205554029
0,1804,10/30/2015 17:00,10/30/2015 17:00,655.0,28,-51.0,-4.0,27.1,941,863,103,101,88,0,0,0.135335283,-2.000000002,-2.4976573,229,484,0.002825694253106536,-5.869001191264084,0,7.191760919732526e-49,4247.43607934109,28,0,0,300,332.5,-119.84888029310662,-3.884195269743483
0,77,5/9/2011 21:00,5/9/2011 20:57,1300.0,58,-68.0,21.0,-4.9,1286,1306,55,73,84,0,0,0.135335283,-2.000000002,-2.4308705,229,484,0.010710650280706465,-4.536516679212894,6341999.999999999,4.6450061316327116e-14,9321.155406484517,11,0,0,0,325.7,-134.24970160840618,-4.873710757692293
0,1250,8/3/2014 3:24,8/3/2014 3:24,750.0,22,-45.0,-26.0,-27.3,581,725,150,115,153,0,0,0.135335283,-2.000000002,-1.5705171,229,484,0.011869014467104231,-4.4338241010101855,0,1.4972853025991714e-25,4965.054904897767,34,0,0,0,395.7,-101.59323416326743,-2.791018179489585
0,1221,7/9/2014 21:24,7/9/2014 22:12,662.0,58,-51.0,31.0,6.1,531,525,6,23,162,0,0,0.135335283,-2.000000002,-1.7698355,229,484,0.005512858467298693,-5.200672012242011,0,1.4790745332723852e-47,4299.8657980303,49,0,0,0,370.3,-109.47813664603439,-3.241066090721411
0,302,3/28/2012 1:25,3/28/2012 0:48,620.0,16,-114.0,66.0,-0.4,662,658,60,35,88,0,0,0.135335283,-2.000000002,-1.9381762,229,484,0.003684128854290719,-5.603721184466026,0,2.6540707663474213e-49,3986.4260763842653,24,1,0,750,405.5,-113.65210355454131,-3.492915262945425
0,1975,4/26/2016 17:48,4/26/2016 17:36,379.0,10,118.0,31.0,-7,327,139,289,293,57,0,0,0.135335283,-2.000000002,-2.1895523,229,484,0.01375782222422167,-4.286147727591276,0,3.362359461213019e-53,2250.3262217262395,31,0,0,0,440.2,69.54156454128248,-1.3077418060706754
0,1268,8/21/2014 5:36,8/21/2014 5:36,290.0,10,90.0,51.0,9.2,397,570,330,335,120,0,0,0.135335283,-2.000000002,-2.1283164,229,484,0.016756446178770833,-4.088972248251698,0,2.4292131952931644e-55,1644.2654676643506,36,0,0,0,332.8,54.055851452470904,-0.7901663267310981
0,1169,6/9/2014 0:00,6/9/2014 0:00,857.0,30,-73.0,3.0,-31.3,564,692,116,83,156,0,0,0.135335283,-2.000000002,-1.1873169,229,484,0.009142055519731447,-4.694870026051051,0,3.2222066423433508e-19,5787.696296238298,59,1,0,450,576.2,-112.74308253083026,-3.4372641045304504
0,1521,3/1/2015 12:48,3/1/2015 12:36,920.0,45,-170.0,-15.0,-44.6,381,611,146,149,65,0,0,0.135335283,-2.000000002,-1.5799236,229,484,0.0014193586921934424,-6.5575501345982365,0,1.5996125755224178e-17,6278.423776439639,43,1,0,1200,517.7,142.9611838925556,-5.526744213077636
0,935,2/9/2014 9:54,2/9/2014 10:00,385.0,16,9.0,-34.0,-17,370,0,251,253,147,0,0,0.135335283,-2.000000002,-1.858002,229,484,0.02268498408354505,-3.7860520674955036,0,4.484159219115949e-53,2291.9986837007973,65,0,0,450,411.2,-55.37645932898918,-0.8292461459749033
0,1861,12/23/2015 20:24,12/23/2015 20:24,650.0,46,155.0,-43.0,2.3,373,381,162,157,68,0,0,0.135335283,-2.000000002,-2.2197542,229,484,0.008518415295054023,-4.765524953673825,0,6.258088787603373e-49,4210.032035878294,36,0,0,514,460.5,101.07687658857799,-2.7627190321532247
0,1294,9/6/2014 10:36,9/6/2014 10:12,456.0,48,-51.0,24.0,0.5,424,419,42,87,142,0,0,0.135335283,-2.000000002,-2.7187252,229,484,0.0019256449684385696,-6.2524943188191004,0,9.901552526737047e-52,2791.8567211385603,38,0,0,410,346.7,-114.59783808261766,-3.5512883972985003
0,140,9/21/2011 22:24,9/21/2011 22:12,1500.0,60,125.0,5.0,-3,979,997,325,305,108,0,0,0.135335283,-2.000000002,-1.2663212,229,484,0.8768220573458194,-0.1314512064603982,0,1.5900309589691883e-13,10969.830580635453,21,0,0,0,389.8,66.29939866776598,-1.1886452849397973
0,1073,4/21/2014 12:24,4/21/2014 11:36,409.0,17,136.0,44.0,0.7,234,251,313,319,150,0,0,0.135335283,-2.000000002,-2.7145438,229,484,0.005241482000191867,-5.251150996172389,0,1.3569120863161673e-52,2459.609498821506,55,1,0,592,563.5,93.82960772625192,-2.3807450746517884
0,2007,6/1/2016 1:54,6/1/2016 1:24,193.0,31,156.0,-30.0,-4.8,60,0,193,188,41,0,0,0.135335283,-2.000000002,-2.4458373,229,484,0.0012531980756676439,-6.6820565344223315,0,1.1767777847302169e-58,1015.699206458643,26,2,0,514,482.2,105.92411985242362,-3.0340506129017313
0,2168,1/28/2017 14:18,1/28/2017 14:12,450.0,13,-99.0,-7.0,4.9,464,546,90,101,30,0,0,0.135335283,-2.000000002,-1.0750117,229,484,0.00025044826941498404,-8.29225816808676,0,7.775305452434752e-52,2749.1614122439646,15,0,0,0,508.2,-143.5124886823501,-5.569452246566161
0,1199,6/24/2014 6:12,6/24/2014 5:36,635.0,35,-170.0,-45.0,2.6,663,655,158,175,40,0,0,0.135335283,-2.000000002,-1.2266679,229,484,0.0044479292366496805,-5.4153166311870065,0,4.096400108220122e-49,4098.051874296859,56,0,0,0,332.8,111.44403350716614,-3.358510709666406
0,145,9/24/2011 22:00,9/24/2011 19:36,700.0,35,-25.0,35.0,-38.2,697,733,360,43,116,1,0,0.135335283,-2.000000002,-1.6633973,229,484,0.014400459867494926,-4.240495137667398,0,2.797197391616497e-33,4585.756234530383,26,1,1,1507,324.8,-94.55482389233697,-2.4176892161467975
0,2036,7/10/2016 0:53,7/10/2016 1:25,444.0,19,-89.0,22.0,-2.5,344,306,73,67,50,0,0,0.135335283,-2.000000002,-1.0568223,229,484,0.0010029283217117884,-6.904831236452527,0,6.085432405647984e-52,2706.5461057199077,24,0,0,0,601.0,-124.03730412508271,-4.160425314931926
0,2263,7/15/2017 21:24,7/15/2017 20:12,589.0,39,59.0,9.0,26.9,936,808,283,275,33,0,0,0.135335283,-2.000000002,-1.6010163,229,484,0.10105694635795799,-2.292071095704339,0,1.0454210683791626e-49,3756.8930221707847,15,0,0,734,316.8,-16.050601675060847,-0.0696651741837388
0,552,1/31/2013 17:12,1/31/2013 16:48,576.0,32,-65.0,34.0,11.6,822,771,67,61,49,0,0,0.135335283,-2.000000002,-2.803935,229,484,0.0012884145133146788,-6.654342875967541,0,6.968678150997935e-50,3661.1180125608334,16,0,0,925,318.2,-127.34298746905849,-4.38513695444694
0,1863,12/28/2015 12:39,12/28/2015 12:12,850.0,58,14.0,-15.0,4.6,1243,1228,360,163,71,1,0,0.135335283,-2.000000002,-1.3741865,229,484,0.1692794970978216,-1.7762041011470644,8222899.999999998,1.8366077686868821e-19,5733.450897061708,33,0,0,0,420.7,-42.71517842943728,-0.493398179626464
0,1172,6/10/2014 12:24,6/10/2014 11:48,630.0,40,-89.0,-6.0,-93.3,764,0,87,102,162,0,0,0.135335283,-2.000000002,-0.9262104,229,484,0.0005257479836671402,-7.550688578544045,0,3.5487673883171655e-49,4060.8034862129143,55,0,0,535,426.7,-142.30184139944464,-5.475882657023444
0,435,8/13/2012 9:46,8/13/2012 9:36,550.0,25,95.0,-12.0,-19.4,423,477,259,257,74,0,0,0.135335283,-2.000000002,-1.6422026,229,484,0.052455432248309994,-2.9477913794683275,0,3.009146696614012e-50,3470.455053024584,15,0,0,0,461.0,46.51103335221328,-0.5849854579477275
0,1984,5/7/2016 14:24,5/7/2016 14:24,194.0,18,95.0,-18.0,-102.5,250,0,242,254,34,0,0,0.135335283,-2.000000002,-1.7933341,229,484,0.014950581706845803,-4.203005069745513,0,1.29829338225642e-58,1021.9644828582857,29,0,0,0,436.3,45.44996864834699,-0.558599148224912
0,65,4/7/2011 20:24,4/7/2011 20:57,580.0,33,139.0,-1.0,-1.3,402,386,322,326,81,0,0,0.135335283,-2.000000002,-2.0226207,229,484,0.011553840495923211,-4.460737386814147,0,7.902657430494781e-50,3690.55630005347,9,1,0,990,470.8,90.31907084694537,-2.205931465293547
0,1852,12/21/2015 0:00,12/21/2015 0:00,268.0,32,-58.0,0.0,25.7,400,790,69,75,18,0,0,0.135335283,-2.000000002,-1.784591,229,484,0.001043337631258252,-6.865330443689815,0,5.618915016489256e-56,1498.3845107769096,27,1,0,361,412.5,-113.56111166672223,-3.487324522169214
0,1428,12/19/2014 10:48,12/19/2014 10:00,337.0,22,-83.0,6.0,1.3,299,305,80,79,175,0,0,0.135335283,-2.000000002,-2.6994786,229,484,0.00013096124378529056,-8.94060912750231,0,3.887617297724154e-54,1961.3679475287458,30,0,0,885,357.7,-146.5915749820581,-5.8110032059817085
0,1005,3/17/2014 12:48,3/17/2014 12:48,310.0,22,-39.0,-41.0,-15,316,0,128,140,126,0,0,0.135335283,-2.000000002,-2.73306,229,484,0.0016901100240216485,-6.382961649194872,0,8.33844225633159e-55,1778.3374122185496,51,1,0,306,304.7,-108.03454947811582,-3.156155727674271
0,2033,7/5/2016 2:09,7/5/2016 1:25,315.0,36,140.0,37.0,3.4,297,341,335,323,13,0,0,0.135335283,-2.000000002,-2.335297,229,484,0.006441736181241559,-5.044957181839144,0,1.1203622076139783e-54,1812.0603812300744,23,0,0,0,385.0,82.40198638781698,-1.8361512603185437
0,1977,4/29/2016 5:00,4/29/2016 5:00,362.0,29,-143.0,28.0,-8.3,384,306,68,51,82,0,0,0.135335283,-2.000000002,-1.8701291,229,484,0.0001805751310781141,-8.619363628134707,0,1.44870197118454e-53,2132.775204680929,32,0,0,0,374.5,143.64520179615803,-5.579757706614106
0,1881,1/13/2016 0:42,1/12/2016 23:36,224.0,28,-100.0,51.0,3.7,300,331,21,19,38,0,0,0.135335283,-2.000000002,-1.2287235,229,484,0.0006183012079053886,-7.388534827810541,0,1.9667410191232565e-57,1212.208715615529,35,1,0,580,556.8,-119.35314279674499,-3.8521289062899404
0,1219,7/8/2014 9:48,7/8/2014 9:48,270.0,24,-90.0,27.0,-1.5,244,202,70,57,183,0,0,0.135335283,-2.000000002,-2.4410295,229,484,8.123805407406316e-05,-9.418126774344685,0,6.451801326025335e-56,1511.5739289295614,51,0,0,0,304.2,-149.54261103024604,-6.047320852824084
0,1281,8/29/2014 11:00,8/29/2014 10:36,250.0,26,49.0,52.0,-3,18,0,299,308,66,0,0,0.135335283,-2.000000002,-2.2412257,229,484,0.015333711761917454,-4.17770149134065,0,1.538574252208183e-56,1380.3652294655615,37,0,0,1000,429.3,-52.1310254761456,-0.7348955698200492
0,832,12/13/2013 21:36,12/13/2013 21:24,756.0,41,-168.0,-30.0,-2.5,484,492,360,169,144,1,0,0.135335283,-2.000000002,-0.1480596,229,484,0.005315319565060657,-5.237162143866665,0,5.841905729845978e-25,5010.799280391727,36,0,0,413,318.2,115.63652584817544,-3.6159562223460644
0,487,10/28/2012 9:54,10/28/2012 8:48,496.0,45,85.0,-12.0,-1.6,459,475,269,258,53,0,0,0.135335283,-2.000000002,-1.4256535,229,484,0.06900249795645864,-2.6736125727726474,0,4.586823627341166e-51,3078.4616596555643,17,0,0,420,337.3,20.747814254279174,-0.11640665125204706
0,1372,11/2/2014 10:24,11/2/2014 10:00,548.0,35,-110.0,29.0,-4,408,404,72,61,98,0,0,0.135335283,-2.000000002,-2.0733824,229,484,0.00030981599667978483,-8.07953199580849,0,2.816230412798292e-50,3455.838857247513,40,0,0,736,457.8,-145.30597862000246,-5.709526074287888
0,1524,3/2/2015 6:24,3/2/2015 6:12,241.0,30,78.0,26.0,29.2,485,896,282,295,52,0,0,0.135335283,-2.000000002,-2.0912292,229,484,0.017350961048860546,-4.054107382258181,0,7.754378155944198e-57,1321.836060971248,46,1,0,920,598.8,46.268537925976986,-0.57890146073758
0,945,2/12/2014 5:48,2/12/2014 6:00,755.0,60,8.0,10.0,7.3,478,494,360,328,161,1,0,0.135335283,-2.000000002,-1.9714644,229,484,0.11615204013683283,-2.152855255246426,0,4.69075485889685e-25,5003.1719006830135,74,0,0,720,447.0,-44.189664358513774,-0.5280493337258255
0,402,7/4/2012 6:24,7/4/2012 5:12,400.0,27,22.0,-50.0,2.6,437,410,209,201,131,0,0,0.135335283,-2.000000002,-1.9821086,229,484,0.025741777714478487,-3.6596400149224304,0,9.030411862098435e-53,2396.5858188431926,36,1,0,605,542.8,-52.90342595144446,-0.7568340934018299
0,701,9/4/2013 23:12,9/4/2013 23:12,514.0,23,-62.0,-31.0,-2.6,416,417,123,126,78,0,0,0.135335283,-2.000000002,-1.7633636,229,484,0.0029770092360945654,-5.816836094469412,0,8.779443278838163e-51,3208.502758443955,33,0,0,850,436.0,-110.87715174716884,-3.3244301729488117
0,1608,5/3/2015 1:25,5/3/2015 1:25,473.0,32,97.0,-26.0,4.9,326,405,245,244,44,0,0,0.135335283,-2.000000002,-1.4339546,229,484,0.041963571014422815,-3.1709533938697825,0,1.93052424409408e-51,2913.252118756684,50,1,0,686,383.5,44.3107633961239,-0.5309474723491817
0,1018,3/23/2014 4:09,3/23/2014 3:36,700.0,52,-35.0,4.0,2.3,841,834,360,97,151,1,0,0.135335283,-2.000000002,-0.9242375,229,484,0.025119055538583644,-3.684128536075281,0,2.797197391616497e-33,4585.756234530383,51,0,0,824,478.0,-82.96487828366416,-1.8613226145546806
0,2085,9/25/2016 10:36,9/25/2016 10:12,469.0,25,93.0,23.0,13,299,570,292,293,30,0,0,0.135335283,-2.000000002,-1.5755317,229,484,0.04854441803577671,-3.0252760643712073,0,1.6535395363908207e-51,2884.632698401305,21,0,0,0,363.0,37.03346848813305,-0.37087014285060677
0,2017,6/17/2016 6:39,6/17/2016 6:36,235.0,20,158.0,27.0,3.2,131,290,327,329,39,0,0,0.135335283,-2.000000002,-3.370399,229,484,0.0008451901980827545,-7.075948869446797,0,4.836486745441947e-57,1283.0025958238773,20,0,0,484,578.3,115.04638465171809,-3.5791429479261962
0,231,12/15/2011 4:39,12/15/2011 4:12,374.0,25,57.0,-23.0,7.4,486,445,238,239,57,0,0,0.135335283,-2.000000002,-1.8128741,229,484,0.04286735784616013,-3.1496446320383003,0,2.6356011319123263e-53,2215.6716682330352,41,0,0,554,362.0,-23.80497325128626,-0.1532387105176999
0,1112,5/10/2014 6:24,5/10/2014 6:12,750.0,23,171.0,-21.0,-15,404,408,191,205,123,0,0,0.135335283,-2.000000002,-2.202233,229,484,0.007822787336225599,-4.85071435107595,0,1.4972853025991714e-25,4965.054904897767,56,2,1,1100,377.7,108.91669005481062,-3.2079084295553493
0,1803,10/29/2015 18:00,10/29/2015 17:12,300.0,23,-6.0,-9.0,1,266,278,251,258,93,0,0,0.135335283,-2.000000002,-2.711232,229,484,0.006544860481610219,-5.029075196637362,0,4.549235719876401e-55,1711.1347423968602,29,0,0,402,306.8,-80.81870933999,-1.766269275116762
0,2143,12/12/2016 3:24,12/12/2016 4:00,206.0,30,100.0,-6.0,4.6,285,349,261,266,12,0,0,0.135335283,-2.000000002,-2.0933192,229,484,0.011434559152393144,-4.471115004730389,0,4.0520619976128044e-58,1097.5424907706538,16,0,0,0,527.0,56.71793181798677,-0.8699090832097881
0,1691,7/18/2015 4:48,7/18/2015 4:48,212.0,32,92.0,10.0,3.8,266,382,281,278,58,0,0,0.135335283,-2.000000002,-1.6062499,229,484,0.022726072012574504,-3.784242466760613,0,6.970990615582583e-58,1135.5962902304666,30,1,0,350,346.0,27.509015691179627,-0.20463654524001268
0,1714,8/4/2015 15:36,8/4/2015 15:36,314.0,21,12.0,71.0,-3.8,457,473,344,357,90,0,0,0.135335283,-2.000000002,-2.2546592,229,484,0.00852978466720148,-4.764191161970521,0,1.0565114029816693e-54,1805.3093975751915,40,0,0,0,433.3,-75.75289974109113,-1.5517852404499202
0,798,11/19/2013 4:34,11/19/2013 4:00,780.0,43,-172.0,-19.0,2.8,374,404,136,104,113,0,0,0.135335283,-2.000000002,-1.1491303,229,484,0.003236119369772066,-5.733380392403179,0,5.382666260107921e-23,5194.249257353237,52,0,0,0,375.2,124.6046884885307,-4.198574470882578
0,1811,11/3/2015 11:36,11/3/2015 12:24,215.0,24,-100.0,30.0,10.9,436,505,63,56,82,0,0,0.135335283,-2.000000002,-1.383163,229,484,0.00033236734792269784,-8.009269731087478,0,9.087133546299964e-58,1154.6871760474473,34,0,0,782,645.7,-128.1438065915724,-4.440463809566878
0,1659,6/17/2015 8:24,6/17/2015 8:36,510.0,30,-65.0,15.0,0.3,505,507,81,88,80,0,0,0.135335283,-2.000000002,-0.8768103,229,484,0.0029377316471563965,-5.830117544014604,0,7.615321278211723e-51,3179.5494701163693,28,3,0,490,491.5,-110.85849710321182,-3.323311622494003
0,586,4/8/2013 8:36,4/8/2013 8:36,650.0,20,110.0,-30.0,-3.3,496,487,234,237,122,0,0,0.135335283,-2.000000002,-1.0992928,229,484,0.06703496396079528,-2.70254094554649,0,6.258088787603373e-49,4210.032035878294,9,0,0,0,343.2,50.86865556359572,-0.6997350240258892
0,1865,12/30/2015 3:24,12/30/2015 4:48,193.0,12,-6.0,45.0,4.9,264,374,311,319,37,0,0,0.135335283,-2.000000002,-2.1300735,229,484,0.005887818449226414,-5.13486973206178,0,1.1767777847302169e-58,1015.699206458643,33,1,0,444,374.0,-74.15134773813139,-1.48686381054118
0,343,4/30/2012 7:48,4/30/2012 7:48,960.0,40,85.0,-34.0,-5,950,973,267,239,104,0,0,0.135335283,-2.000000002,-1.2280252,229,484,0.2799059635953118,-1.273301576523673,0,9.042719432066885e-17,6592.255953083407,38,0,0,550,340.2,37.80556747625095,-0.3864956550030729
0,1361,10/27/2014 6:12,10/27/2014 6:00,237.0,36,45.0,-24.0,-3.8,226,0,246,234,107,0,0,0.135335283,-2.000000002,-2.159677,229,484,0.025087706969112295,-3.6853773150038336,0,5.668680300630294e-57,1295.9302534490262,36,0,0,379,398.3,-26.906553348598845,-0.195771393483233
0,2156,1/10/2017 8:24,1/10/2017 11:00,167.0,22,100.0,3.0,4,253,317,278,287,0,0,0,0.135335283,-2.000000002,-2.2548888,229,484,0.008805781786983914,-4.732346751993771,0,7.372163215595241e-60,854.7049666735982,13,0,0,0,580.0,60.52899793561581,-0.9907408304731702
0,1298,9/9/2014 0:16,9/9/2014 0:06,780.0,43,-30.0,26.0,-8.4,852,877,360,59,175,1,0,0.135335283,-2.000000002,-0.6233618,229,484,0.030897934060571768,-3.4770659561947643,8447500.0,5.382666260107921e-23,5194.249257353237,40,1,0,790,423.2,-84.74949916208979,-1.9422600346741639
0,295,3/24/2012 0:39,3/24/2012 0:24,1600.0,60,-161.0,11.0,-46.6,825,1020,360,347,94,1,0,0.135335283,-2.000000002,-1.5371442,229,484,0.02729513601707063,-3.6010467605378746,9420000.0,2.3419320292292263e-13,11804.414253164596,22,1,0,650,371.8,136.22574875068912,-5.018240839017274
0,972,2/24/2014 11:54,2/24/2014 11:36,612.0,12,-85.0,-22.0,-7.2,371,454,94,110,153,0,0,0.135335283,-2.000000002,-1.3349602,229,484,0.0012930730017089362,-6.6507337216145315,0,2.0964711371695484e-49,3927.0401568975435,75,0,0,0,478.2,-129.1593999860148,-4.511127800093931
0,1041,4/3/2014 23:09,4/4/2014 0:12,372.0,29,98.0,-42.0,2.7,451,490,34,29,133,0,0,0.135335283,-2.000000002,-1.8913257,229,484,0.021270190873119182,-3.85044867599177,0,2.388720781065073e-53,2201.8285137896105,60,0,0,0,403.0,55.96091945308249,-0.8468427544711699
0,485,10/26/2012 10:00,10/26/2012 9:48,700.0,48,-80.0,-26.0,4.5,703,676,94,129,78,0,0,0.135335283,-2.000000002,-2.541522,229,484,0.0006893228336993808,-7.279800842697366,0,2.797197391616497e-33,4585.756234530383,17,0,0,0,321.3,-142.05621147458382,-5.456994921176766
0,186,11/12/2011 18:36,11/12/2011 18:36,695.0,70,-110.0,-3.0,-0.7,649,646,66,83,157,0,0,0.135335283,-2.000000002,-1.8875699,229,484,0.00010918350091379017,-9.12248059660185,0,1.6689024288700724e-34,4548.0187326675305,27,0,0,0,421.5,-164.0964135758319,-7.28167467508125
0,1757,9/18/2015 5:00,9/18/2015 5:00,744.0,38,7.0,-26.0,35.5,1196,1030,201,188,71,0,0,0.135335283,-2.000000002,-1.3592322,229,484,0.08580347583831269,-2.455695762372721,4052800.0,3.4197653131086876e-26,4919.35852991582,29,0,0,0,407.3,-54.094268009384706,-0.7912898408521205
0,1368,10/30/2014 23:36,10/30/2014 23:24,528.0,18,-54.0,24.0,-6.7,211,153,71,88,102,0,0,0.135335283,-2.000000002,-2.45316,229,484,0.0025440874447597837,-5.973983261154831,0,1.4318816828638118e-50,3310.082837796906,40,0,0,416,365.2,-114.28583552640013,-3.5319773396342304
0,265,1/31/2012 17:36,1/31/2012 16:48,390.0,34,51.0,-10.0,10.2,589,508,265,264,75,0,0,0.135335283,-2.000000002,-1.9477192,229,484,0.047427531671971446,-3.0485523819401803,0,5.68010334145815e-53,2326.79722825824,19,0,0,0,334.2,-20.14553078555159,-0.10974646041957999
0,1293,9/5/2014 19:36,9/5/2014 19:24,410.0,35,-130.0,35.0,-5.2,262,258,15,27,116,0,0,0.135335283,-2.000000002,-1.6766987,229,484,0.0002488805575636427,-8.298537465086326,0,1.418907417061145e-52,2466.6244354763253,38,0,0,467,344.2,141.72700253694092,-5.431731543565727
0,1999,5/27/2016 10:00,5/27/2016 9:36,271.0,10,91.0,-33.0,19.1,357,673,228,235,34,0,0,0.135335283,-2.000000002,-1.6465137,229,484,0.018840673129370347,-3.9717372817370196,0,6.910666174684378e-56,1518.174200458399,22,0,0,434,416.8,47.28167689581577,-0.6045313602164194
0,1829,11/28/2015 4:00,11/28/2015 6:12,322.0,28,-160.0,20.0,5.5,445,365,137,128,51,0,0,0.135335283,-2.000000002,-0.27309036,229,484,0.0006778784718891574,-7.2965425310914265,0,1.6804474784987856e-54,1859.4055976652996,26,0,0,0,308.8,123.32736753126986,-4.112936609570826
0,966,2/21/2014 1:25,2/21/2014 1:25,585.0,28,-112.0,-12.0,2.8,667,677,102,100,136,0,0,0.135335283,-2.000000002,-0.6800928,229,484,0.00020806274266025216,-8.477670876344328,0,9.236706807637482e-50,3727.3929306306363,74,0,0,854,540.3,-151.91681474721008,-6.240864954823729
0,2238,6/3/2017 11:24,6/3/2017 11:36,627.0,10,55.0,8.0,-4.6,204,0,283,275,24,0,0,0.135335283,-2.000000002,-1.4400449,229,484,0.121842796372831,-2.105023619469907,0,3.2541832701793016e-49,4038.4734809768415,11,1,0,289,396.5,-8.473880280989077,-0.019417697949306523
0,1563,4/5/2015 23:48,4/5/2015 21:12,409.0,29,-36.0,-3.0,-0.3,438,438,80,92,55,0,0,0.135335283,-2.000000002,-1.5998158,229,484,0.009689290948073196,-4.636734029330237,0,1.3569120863161673e-52,2459.609498821506,30,0,0,415,511.5,-80.82005532465338,-1.7663281078096358
0,594,4/25/2013 1:30,4/25/2013 0:36,815.0,35,120.0,-17.0,-5.5,786,790,232,240,111,0,0,0.135335283,-2.000000002,-1.4699857,229,484,0.07296331918928116,-2.61779844097671,0,6.225484672417236e-21,5463.098312291303,10,0,0,0,422.4,66.86444748106943,-1.2089925194561093
0,1672,7/5/2015 9:48,7/5/2015 8:36,350.0,12,-6.0,10.0,20.3,238,702,81,85,109,0,0,0.135335283,-2.000000002,-1.6729969,229,484,0.021996037736381268,-3.8168929447360553,0,7.798807497374843e-54,2050.276604069211,28,0,0,626,504.7,-52.10233979247719,-0.7340870232154548
0,705,9/10/2013 13:25,9/10/2013 13:25,600.0,42,-27.0,-51.0,-10.6,753,799,177,172,18,0,0,0.135335283,-2.000000002,-2.282589,229,484,0.01170042791968447,-4.448129863515245,0,1.4631332347391062e-49,3838.157793129688,30,0,0,0,350.3,-91.52687003004198,-2.265323941994645
0,257,1/16/2012 3:42,1/16/2012 3:12,990.0,47,-57.0,28.0,10.9,1148,1098,360,39,154,1,0,0.135335283,-2.000000002,-1.6050446,229,484,0.013458931174763654,-4.308112365439773,0,2.5823737758512634e-16,6828.727893697349,25,1,0,412,377.5,-114.24261564588366,-3.529306443919173
0,60,3/27/2011 5:30,3/27/2011 5:36,990.0,20,-120.0,18.0,-20.2,718,762,54,45,118,0,0,0.135335283,-2.000000002,-1.9109254,229,484,0.0005140049582720688,-7.573277646111922,0,2.5823737758512634e-16,6828.727893697349,9,0,0,0,318.6,158.51169180075868,-6.794471724591322
0,364,6/2/2012 0:24,6/1/2012 23:12,495.0,25,95.0,5.0,0.6,636,634,260,295,151,0,0,0.135335283,-2.000000002,-1.269887,229,484,0.059258815805204125,-2.825840720073774,0,4.4212378830661716e-51,3071.2560924715017,20,1,0,340,357.8,31.306527834457082,-0.26503479855317363
0,721,9/24/2013 21:09,9/24/2013 20:36,900.0,32,-75.0,44.0,-0.4,914,917,360,43,65,1,0,0.135335283,-2.000000002,-1.7039845,229,484,0.008676604684597387,-4.747124992203973,0,5.5851173273063e-18,6122.15528699188,35,0,0,0,435.0,-116.08915506362818,-3.644319070683372
0,1537,3/11/2015 10:24,3/11/2015 8:24,600.0,40,45.0,55.0,7.3,606,532,325,337,44,0,0,0.135335283,-2.000000002,-2.1415405,229,484,0.04789596366168236,-3.038724044051491,195000.00000000003,1.4631332347391062e-49,3838.157793129688,45,0,0,545,385.5,-56.25997882259853,-0.8559181225308908
0,1788,10/15/2015 20:24,10/15/2015 20:57,405.0,20,166.0,24.0,-13.4,150,0,251,250,55,0,0,0.135335283,-2.000000002,-2.795245,229,484,0.0020189019383205775,-6.2052015102610945,0,1.1335809122158321e-52,2431.5742621781483,32,0,0,579,431.5,110.80985013599805,-3.320395588740494
0,1391,11/11/2014 12:36,11/11/2014 12:24,900.0,20,46.0,39.0,14.7,883,884,304,325,89,0,0,0.135335283,-2.000000002,-1.8847499,229,484,0.21958418916124314,-1.5160195702937622,0,5.5851173273063e-18,6122.15528699188,48,1,0,470,468.7,-39.09046012984692,-0.4132136487731616
0,491,11/3/2012 6:00,11/3/2012 5:12,500.0,35,-165.0,-42.0,2.6,435,428,196,199,44,0,0,0.135335283,-2.000000002,-0.56920505,229,484,0.0027426400390990822,-5.898834304548225,0,5.3095603255963777e-51,3107.304049211096,18,1,0,317,303.2,111.40284089930631,-3.3560283830276245
0,883,1/19/2014 2:24,1/19/2014 0:24,220.0,20,-29.0,-66.0,7,458,399,166,168,110,0,0,0.135335283,-2.000000002,-2.4843411,229,484,0.002504455016849104,-5.989684126258585,0,1.4013056374853362e-57,1186.5980601975195,38,0,0,0,312.7,-94.96826628469674,-2.4388782047379847
0,1188,6/16/2014 12:24,6/16/2014 12:24,654.0,20,-92.0,-23.0,-21.7,136,0,82,80,84,0,0,0.135335283,-2.000000002,-1.8844719,229,484,0.0003713363933826855,-7.8984021854716975,0,6.995099596778427e-49,4239.952207853008,57,1,0,900,353.3,-147.8349288364937,-5.909996263951097
0,637,6/25/2013 11:54,6/25/2013 11:12,600.0,40,178.0,-20.0,-7.6,224,194,360,173,77,1,0,0.135335283,-2.000000002,-3.2149866,229,484,0.0011228183245494247,-6.791913393205889,0,1.4631332347391062e-49,3838.157793129688,21,0,0,0,518.3,130.55450750660506,-4.609107471685289
0,654,7/18/2013 19:30,7/18/2013 18:24,425.0,29,-85.0,20.0,-17.3,345,0,102,90,95,0,0,0.135335283,-2.000000002,-1.010963,229,484,0.0007789067604793182,-7.15761921055451,0,2.737187029132154e-52,2572.137896792877,22,0,0,0,514.4,-126.75614203204277,-4.34481328903391
0,844,12/19/2013 6:25,12/19/2013 6:12,634.0,29,172.0,0.0,-15,148,0,300,294,140,0,0,0.135335283,-2.000000002,-2.3255532,229,484,0.0054317392084509255,-5.215495900104536,0,3.980862758389692e-49,4090.599037113201,45,0,0,347,358.2,108.01630775398404,-3.155089978583935
0,889,1/21/2014 6:25,1/21/2014 6:00,540.0,32,99.0,-5.0,-16.2,332,246,254,268,129,0,0,0.135335283,-2.000000002,-1.0239398,229,484,0.07164482481826787,-2.6360343559520496,0,2.1552190240684773e-50,3397.447335361493,42,3,0,764,328.5,29.618756735006603,-0.23722843443144917
0,1833,12/1/2015 9:54,12/1/2015 8:48,310.0,27,103.0,11.0,2.2,359,384,282,283,32,0,0,0.135335283,-2.000000002,-2.2173965,229,484,0.0142845039831029,-4.2485799668211985,0,8.33844225633159e-55,1778.3374122185496,26,0,0,0,544.2,61.469670728918096,-1.0217740453005977
0,785,11/5/2013 8:36,11/5/2013 8:24,844.0,31,-30.0,-45.0,0.1,851,850,136,145,122,0,0,0.135335283,-2.000000002,-2.516807,229,484,0.024029739054972764,-3.7284630884282692,0,1.1043622737709145e-19,5687.000705438988,56,1,0,622,344.0,-94.67926596264125,-2.4240571669076685
0,1642,6/3/2015 18:54,6/3/2015 20:00,325.0,33,-6.0,82.0,5.1,445,394,34,44,49,0,0,0.135335283,-2.000000002,-2.3692515,229,484,0.004998954769585909,-5.298526434484033,0,1.9937334590976373e-54,1879.7431842571646,27,0,0,0,308.3,-88.6617981824121,-2.1257205129634325
0,133,9/14/2011 1:54,9/14/2011 0:00,600.0,46,38.0,21.0,3.2,452,457,334,302,169,0,0,0.135335283,-2.000000002,-1.8326626,229,484,0.09951667402445998,-2.3074300707219613,0,1.4631332347391062e-49,3838.157793129688,17,0,0,680,538.5,-21.46765249734196,-0.12462414920136085
0,1820,11/11/2015 21:48,11/11/2015 21:24,322.0,31,-41.0,-22.0,4,514,517,128,121,61,0,0,0.135335283,-2.000000002,-1.240655,229,484,0.007030644434526484,-4.9574769081537475,0,1.6804474784987856e-54,1859.4055976652996,38,1,0,755,583.5,-80.99243735417139,-1.7738709866331468
0,1510,2/26/2015 15:12,2/26/2015 14:48,160.0,34,88.0,21.0,15.1,493,623,303,310,22,0,0,0.135335283,-2.000000002,-1.913516,229,484,0.016968944198651515,-4.076370417425665,0,3.223184115079839e-60,812.0278104374122,34,0,0,0,376.7,33.83444259710703,-0.3095644959050651
0,1048,4/7/2014 6:48,4/7/2014 6:36,436.0,24,-80.0,68.0,3.2,662,651,22,24,114,0,0,0.135335283,-2.000000002,-2.5556705,229,484,0.002709354457730176,-5.9110448799460755,0,4.36595948310181e-52,2649.852018100179,62,0,0,654,356.2,-107.72060373140046,-3.137838958425475
0,260,1/19/2012 15:10,1/19/2012 14:36,1020.0,69,-21.0,46.0,54.1,1499,1390,360,20,105,1,0,0.135335283,-2.000000002,-1.289365,229,484,0.06439785478380936,-2.7426749572370603,11209499.999999998,6.268660032558749e-16,7066.109064403883,26,1,0,372,350.2,-87.53154685071816,-2.0718690357164595
0,395,7/2/2012 6:36,7/2/2012 6:24,820.0,24,65.0,-4.0,-2.7,965,977,267,262,128,0,0,0.135335283,-2.000000002,-1.643589,229,484,0.19639788098214023,-1.6276126724166147,0,1.081093162744836e-20,5501.629559011804,30,0,0,0,642.8,29.592420732570385,-0.2368067508960145
0,1548,3/22/2015 19:36,3/22/2015 19:12,236.0,27,20.0,14.0,5.9,183,385,332,330,81,0,0,0.135335283,-2.000000002,-1.657644,229,484,0.0260439031207022,-3.6479715834461786,0,5.237014405718691e-57,1289.464305986044,47,0,0,0,578.8,-23.923281919519088,-0.1547656619255784
0,223,12/9/2011 12:09,12/9/2011 12:12,436.0,32,-158.0,-1.0,-1,321,313,74,75,114,0,0,0.135335283,-2.000000002,-0.14462471,229,484,0.000738243514079279,-7.211236822913167,0,4.36595948310181e-52,2649.852018100179,41,2,0,808,310.2,128.10869710269367,-4.438030901392567
0,1374,11/3/2014 12:12,11/3/2014 12:00,443.0,43,-53.0,26.0,-6.5,324,404,76,58,112,0,0,0.135335283,-2.000000002,-1.8804469,229,484,0.0029648180000723745,-5.820939631191364,0,5.839974392957385e-52,2699.451408129995,41,0,0,151,412.7,-106.6006982076688,-3.0729337096707634
0,1363,10/28/2014 20:36,10/28/2014 20:24,429.0,38,-97.0,24.0,0.7,479,473,37,56,101,0,0,0.135335283,-2.000000002,-1.99892,229,484,0.00020992535397842903,-8.468758547682283,0,3.2482995408240032e-52,2600.365018220119,36,0,0,310,406.0,-144.8066435338721,-5.670352626161682
0,1874,1/9/2016 14:00,1/9/2016 14:00,606.0,14,46.0,-24.0,-28.7,442,0,237,240,97,0,0,0.135335283,-2.000000002,-1.6210978,229,484,0.09716747141649719,-2.331319279734506,0,1.7529835955135947e-49,3882.5692715580044,31,0,0,662,428.3,-25.08145128725654,-0.17011335821390555
0,1983,5/4/2016 13:41,5/4/2016 14:12,412.0,27,59.0,4.0,-3.4,328,339,255,281,71,0,0,0.135335283,-2.000000002,-1.4981042,229,484,0.0565284231507458,-2.873011702709354,48999.999999999825,1.5510062387275373e-52,2480.661619932005,32,0,0,280,430.8,7.04092173199006,-0.013405781188753354
0,1687,7/16/2015 18:00,7/16/2015 17:12,870.0,13,-3.0,80.0,24.8,893,883,348,2,50,0,0,0.135335283,-2.000000002,-2.9516907,229,484,0.044820927160155025,-3.1050801245190973,0,8.442817363074817e-19,5888.589094134308,31,0,0,0,479.7,-83.6960333748765,-1.8942742029984971
0,78,5/11/2011 2:48,5/11/2011 2:48,350.0,33,50.0,5.0,3.3,767,776,320,283,66,0,0,0.135335283,-2.000000002,-1.987638,229,484,0.0434078892835956,-3.1371140736678833,0,7.798807497374843e-54,2050.276604069211,11,0,0,0,362.2,-14.171504741580979,-0.0543081521472829
0,1020,3/23/2014 22:12,3/23/2014 21:48,495.0,19,160.0,-88.0,-0.5,412,406,185,194,151,0,0,0.135335283,-2.000000002,-1.4246883,229,484,0.00832293797739855,-4.78873996419854,0,4.4212378830661716e-51,3071.2560924715017,51,0,0,700,483.5,90.76838706192272,-2.2279340426779397
0,2107,10/23/2016 20:48,10/23/2016 20:12,264.0,23,-95.0,-20.0,-17.5,185,0,118,107,15,0,0,0.135335283,-2.000000002,-2.052526,229,484,0.00011565047577684753,-9.064938055357999,0,4.247823245880386e-56,1472.0505632306274,22,1,0,202,413.3,-144.83447045137666,-5.672532133837398
0,218,12/7/2011 9:39,12/7/2011 9:36,724.0,44,169.0,20.0,28.6,855,998,360,327,132,1,0,0.135335283,-2.000000002,-1.2459506,229,484,0.018486702187298854,-3.990703606045482,0,8.742222029631208e-29,4767.388968087258,38,1,0,669,295.3,91.3038489734853,-2.2542976845248814
0,8,8/7/2010 17:00,8/7/2010 18:36,750.0,27,-46.0,-3.0,-11.9,755,827,360,94,48,1,0,0.135335283,-2.000000002,-1.1071544,229,484,0.010578125423850365,-4.548967049360963,997499.9999999987,1.4972853025991714e-25,4965.054904897767,3,0,0,0,397.3,-103.66766058300756,-2.906161127840362
0,1618,5/5/2015 22:24,5/5/2015 22:24,725.0,35,-65.0,42.0,-13.6,547,685,360,41,104,1,0,0.135335283,-2.000000002,-1.650913,229,484,0.005324288146713462,-5.235476257691163,674999.9999999998,1.2335903123598055e-28,4774.974449769639,55,1,0,680,395.8,-113.81069766572358,-3.5026703361705622
0,100,7/21/2011 23:18,7/21/2011 23:24,608.0,26,-131.0,-20.0,30.3,387,854,324,329,60,0,0,0.135335283,-2.000000002,-2.1885042,229,484,0.00016076778705291142,-8.735549550560936,0,1.8610915897275983e-49,3897.3863282354296,4,0,0,0,646.2,-156.0081675432128,-6.581543629040335
0,691,8/28/2013 16:00,8/28/2013 15:48,860.0,32,172.0,-22.0,-6.6,498,521,215,188,50,0,0,0.135335283,-2.000000002,-2.5004191,229,484,0.006869479153816112,-4.980666990204758,0,4.060518378529409e-19,5810.961854752896,25,2,0,622,439.7,117.50667313814145,-3.733861068684157
0,2202,4/4/2017 21:36,4/4/2017 22:36,90.0,13,100.0,28.0,-1.5,329,301,289,303,76,0,0,0.135335283,-2.000000002,-1.9049611,229,484,0.009221723487278554,-4.686193329676804,0,3.1108141678047365e-65,404.9828703297238,17,1,0,449,401.2,49.67895565892709,-0.6673874081562043
0,47,1/28/2011 1:25,1/28/2011 1:25,380.0,27,123.0,36.0,-20.9,456,259,288,290,13,0,0,0.135335283,-2.000000002,-1.6808337,229,484,0.02109347483459612,-3.8587915358728253,0,3.5287794843173354e-53,2257.265076033764,8,0,0,0,305.3,57.17498405661804,-0.8839856143522247
0,2024,6/23/2016 5:00,6/23/2016 4:48,250.0,35,-139.0,-11.0,-5.7,154,0,110,109,12,0,0,0.135335283,-2.000000002,-1.6498289,229,484,4.412054868688421e-05,-10.028584927416858,0,1.538574252208183e-56,1380.3652294655615,26,0,0,0,367.3,156.0583569175466,-6.585779005896259
0,2249,6/17/2017 9:36,6/17/2017 8:48,351.0,18,-134.0,0.0,6.4,219,395,93,94,30,0,0,0.135335283,-2.000000002,-2.5008488,229,484,1.1543570845607786e-05,-11.369381912720133,0,8.218680495358549e-54,2057.135964436519,20,1,0,354,450.2,175.09160692464923,-8.290175991199533
0,1083,4/28/2014 5:00,4/28/2014 5:00,270.0,30,-11.0,79.0,4.5,412,364,5,10,80,0,0,0.135335283,-2.000000002,-2.2129068,229,484,0.004097174878111007,-5.497457596898041,0,6.451801326025335e-56,1511.5739289295614,52,0,0,0,318.0,-88.68121500941321,-2.1266516753774405
0,1338,10/9/2014 3:48,10/9/2014 3:48,204.0,9,64.0,-7.0,-2.9,145,0,267,262,59,0,0,0.135335283,-2.000000002,-1.8782881,229,484,0.026685105046442968,-3.6236497326687336,0,3.3689053011256635e-58,1084.89647874422,39,0,0,0,343.5,-7.508103197599047,-0.015243811148133325
0,1433,12/22/2014 10:00,12/22/2014 7:12,125.0,20,-75.0,16.0,2.2,183,230,72,72,118,0,0,0.135335283,-2.000000002,-2.250217,229,484,0.00017609977418206775,-8.644459824790774,0,2.526560943396838e-62,603.5392171627877,32,0,0,259,383.8,-132.55797273002142,-4.7516539032701735
0,1080,4/24/2014 2:06,4/24/2014 1:25,290.0,20,-40.0,-45.0,-19,387,449,250,224,72,0,0,0.135335283,-2.000000002,-1.8153768,229,484,0.00336503284344699,-5.694317555621936,0,2.4292131952931644e-55,1644.2654676643506,56,0,0,365,410.5,-94.12014674290909,-2.395511634101336
0,845,12/21/2013 5:00,12/21/2013 4:48,528.0,20,111.0,-28.0,-2.1,383,359,249,239,140,0,0,0.135335283,-2.000000002,-1.3147032,229,484,0.043949927460588005,-3.1247043053508796,0,1.4318816828638118e-50,3310.082837796906,44,0,0,0,340.0,50.24558312333903,-0.6826983838302791
0,1845,12/13/2015 11:12,12/13/2015 11:12,438.0,17,-29.0,-1.0,-6.3,229,0,72,84,81,0,0,0.135335283,-2.000000002,-1.6033621,229,484,0.013202131538212114,-4.3273769822587465,0,4.746623974413013e-52,2664.0118827448837,24,0,0,0,487.8,-75.9865131625979,-1.561371060738146
0,1157,6/1/2014 2:00,6/1/2014 2:00,244.0,23,-51.0,14.0,-2.3,223,186,69,67,64,0,0,0.135335283,-2.000000002,-2.7783074,229,484,0.0004544653345731913,-7.6963889188217,0,9.773036290889134e-57,1341.3090469715414,67,0,0,0,304.2,-125.09945293253472,-4.2319829973011
0,209,12/1/2011 10:30,12/1/2011 8:00,350.0,25,80.0,17.0,6.1,511,516,285,290,129,0,0,0.135335283,-2.000000002,-1.871077,229,484,0.03288234507548585,-3.414819389090332,0,7.798807497374843e-54,2050.276604069211,34,0,0,525,468.8,35.03977458650194,-0.33201346756973155
0,2283,9/2/2017 16:00,9/2/2017 15:48,625.0,32,90.0,3.0,5.1,761,744,269,276,56,0,0,0.135335283,-2.000000002,-1.9073421,229,484,0.06171256863175626,-2.7852676632769517,0,3.0707913784296558e-49,4023.594781085251,11,0,0,0,580.8,50.603591977398075,-0.6924617417563512
0,1552,3/27/2015 14:12,3/27/2015 13:36,411.0,33,-97.0,38.0,10.4,645,563,65,46,101,0,0,0.135335283,-2.000000002,-2.444449,229,484,0.00038027352984363835,-7.874619748808683,0,1.4835695884422764e-52,2473.6418111579524,42,0,0,397,387.2,-136.13305378676895,-5.011413827288083
0,1885,1/17/2016 6:24,1/17/2016 5:36,466.0,25,37.0,-55.0,13.8,541,637,197,202,58,0,0,0.135335283,-2.000000002,-2.112622,229,484,0.02584490455397345,-3.6556418133580384,0,1.4709025411219538e-51,2863.190505502551,35,1,0,297,337.5,-60.51968215394761,-0.9904358918374379
0,320,4/16/2012 18:10,4/16/2012 17:48,1250.0,55,-70.0,10.0,-28,1169,1289,62,88,61,0,0,0.135335283,-2.000000002,-2.3804417,229,484,0.008185462958696366,-4.805395507914206,0,2.9363147394935187e-14,8913.623537870433,28,1,0,430,345.3,-135.4682851832249,-4.962589586393605
0,753,10/24/2013 1:48,10/24/2013 1:25,1000.0,40,-8.0,-9.0,-17,303,0,360,217,144,1,0,0.135335283,-2.000000002,-1.5474895,229,484,0.10024961675284606,-2.3000920357170194,0,3.527341651497805e-16,6907.755278982137,32,0,0,340,338.5,-75.88704797459418,-1.5572861141964194
0,1033,3/30/2014 12:24,3/30/2014 12:24,437.0,31,38.0,44.0,-3,449,451,291,321,101,0,0,0.135335283,-2.000000002,-2.6826072,229,484,0.03504301026160083,-3.351179107311677,0,4.552537292547058e-52,2656.930806256773,57,0,0,707,421.0,-46.375183461150876,-0.5815731857910768
0,381,6/24/2012 0:48,6/24/2012 0:48,427.0,38,126.0,-23.0,87.8,779,1515,58,56,20,0,0,0.135335283,-2.000000002,-1.5137779,229,484,0.017110637420018348,-4.068054937533597,0,2.982424266625837e-52,2586.246773648623,23,0,0,588,384.2,68.32668923060783,-1.262449016012996
0,2270,7/28/2017 5:36,7/28/2017 5:36,574.0,38,-136.0,4.0,-9.5,397,454,59,62,11,0,0,0.135335283,-2.000000002,-2.4647346,229,484,3.599664747421976e-05,-10.23208474956075,0,6.541760876137452e-50,3646.409273487431,19,0,0,0,445.2,171.52288566279566,-7.95567882804015
0,1643,6/4/2015 0:00,6/4/2015 1:34,311.0,40,-6.0,54.0,29.3,446,800,254,255,80,0,0,0.135335283,-2.000000002,-2.2712264,229,484,0.005285374529809012,-5.242811795603395,0,8.849347058371033e-55,1785.0755956877417,27,1,0,325,294.2,-86.4204982764979,-2.019605874082795
0,420,7/17/2012 14:24,7/17/2012 13:48,1100.0,45,54.0,-30.0,63.5,1511,1319,255,241,86,0,0,0.135335283,-2.000000002,-0.89402527,229,484,0.5238103946800803,-0.6466255023553722,10191000.0,3.779620696418759e-15,7703.372004665108,43,0,0,0,510.8,31.234673200259117,-0.2638195808347715
0,246,1/2/2012 2:12,1/2/2012 1:48,683.0,51,152.0,-18.0,-3.7,485,488,246,249,92,0,0,0.135335283,-2.000000002,-1.7318459,229,484,0.01877173632513809,-3.9754029273270666,0,4.781301274753154e-38,4457.59598908685,35,0,0,820,357.2,87.94308459152609,-2.0913970058064666
0,1344,10/13/2014 4:30,10/13/2014 4:12,981.0,18,-93.0,11.0,-11.6,979,963,83,71,42,0,0,0.135335283,-2.000000002,-2.9622536,229,484,0.0003596155422583818,-7.930475035337566,0,1.920806594406464e-16,6757.689582833622,42,1,0,595,314.0,-162.2561468262301,-7.119269113816966
0,618,5/31/2013 6:39,5/31/2013 6:36,870.0,28,-163.0,12.0,2.9,520,530,65,51,50,0,0,0.135335283,-2.000000002,-0.55378675,229,484,0.003542413630467215,-5.642946967651573,0,8.442817363074817e-19,5888.589094134308,19,0,0,464,337.2,128.0236602686876,-4.432141046130973
0,1589,4/21/2015 13:25,4/21/2015 13:25,1110.0,30,-90.0,59.0,-26.5,847,1018,28,31,127,0,0,0.135335283,-2.000000002,-1.355078,229,484,0.027848519286590136,-3.580975481469675,0,4.5269783094615105e-15,7783.447976680081,41,1,1,1800,572.0,-109.36159761402389,-3.2341695599490743
0,896,1/25/2014 10:00,1/25/2014 10:00,271.0,24,87.0,73.0,-14.9,204,0,67,77,100,0,0,0.135335283,-2.000000002,-2.656256,229,484,0.007797490053875335,-4.8539533850361485,0,6.910666174684378e-56,1518.174200458399,40,1,0,233,346.7,74.14844651157902,-1.4867474635155478
0,1042,4/4/2014 14:25,4/4/2014 14:12,445.0,22,-32.0,34.0,1.3,486,482,54,43,158,0,0,0.135335283,-2.000000002,-2.0679965,229,484,0.008834210162320463,-4.729123575925461,14999.999999999947,6.3406067547556374e-52,2713.6430555639768,58,0,0,372,433.5,-85.74846171208655,-1.9883176544048604
0,1209,7/1/2014 7:12,7/1/2014 7:00,264.0,30,-146.0,28.0,-4,268,171,48,47,134,0,0,0.135335283,-2.000000002,-1.5393815,229,484,0.00022684652157920051,-8.391236885543822,0,4.247823245880386e-56,1472.0505632306274,51,0,0,675,329.8,135.96204214764458,-4.998830964023223
0,1785,10/14/2015 0:24,10/14/2015 0:24,790.0,17,-95.0,-18.0,-66.9,334,0,98,104,57,0,0,0.135335283,-2.000000002,-0.7240844,229,484,0.0013073316727299843,-6.639767110098736,0,2.512817328961291e-22,5270.906026914243,30,1,0,440,495.5,-137.88137827626306,-5.140961188578136
0,900,1/26/2014 21:54,1/26/2014 21:48,420.0,34,-91.0,-54.0,-2.7,580,600,152,162,97,0,0,0.135335283,-2.000000002,-2.0109754,229,484,0.0010105332611141514,-6.897277106160915,0,2.2047052630760415e-52,2536.906978736514,41,0,0,729,349.7,-122.62875046578549,-4.0664711846403145
0,456,9/17/2012 2:00,9/17/2012 1:36,312.0,24,81.0,33.0,0.1,263,264,306,307,55,0,0,0.135335283,-2.000000002,-1.9965497,229,484,0.02432429494620348,-3.7162796360699706,0,9.389687776509752e-55,1791.8169945965585,14,0,0,456,441.3,42.85673105130127,-0.49667371454937
0,1050,4/7/2014 21:28,4/7/2014 21:28,510.0,37,124.0,-32.0,-1.4,470,475,228,231,114,0,0,0.135335283,-2.000000002,-1.9908824,229,484,0.01848370097634094,-3.990865963537296,0,7.615321278211723e-51,3179.5494701163693,63,1,0,436,433.5,74.08140141342994,-1.4840600420166956
0,1170,6/9/2014 1:25,6/9/2014 1:25,528.0,13,43.0,-31.0,131.6,703,1739,226,224,156,0,0,0.135335283,-2.000000002,-1.2755783,229,484,0.06699221367993419,-2.7031788800768357,0,1.4318816828638118e-50,3310.082837796906,59,2,0,857,563.3,31.0776060973325,-0.2611729585562353
0,444,8/20/2012 21:28,8/20/2012 21:28,960.0,25,-150.0,3.0,-2.4,491,495,360,85,80,1,0,0.135335283,-2.000000002,-2.0059114,229,484,0.000290598530411306,-8.143567863925167,0,9.042719432066885e-17,6592.255953083407,22,1,0,230,499.2,163.81546222201396,-7.256761942404566
0,2034,7/5/2016 21:17,7/5/2016 20:36,550.0,32,45.0,33.0,5.7,597,568,281,318,13,0,0,0.135335283,-2.000000002,-2.226775,229,484,0.060900422933776815,-2.798515159565001,0,3.009146696614012e-50,3470.455053024584,24,0,0,315,330.8,-40.14041308068706,-0.4357092380444005
0,225,12/11/2011 10:09,12/11/2011 10:12,445.0,25,-31.0,21.0,-0.1,263,260,336,339,93,0,0,0.135335283,-2.000000002,-1.1895394,229,484,0.010409115031492697,-4.565073411352919,0,6.3406067547556374e-52,2713.6430555639768,39,1,0,500,453.2,-82.13489622200733,-1.8242674898323183
0,750,10/22/2013 13:09,10/22/2013 12:12,330.0,25,-100.0,6.0,-0.8,298,297,86,84,118,0,0,0.135335283,-2.000000002,-3.1117902,229,484,2.0207390047162207e-05,-10.809462176542763,0,2.6414117177007976e-54,1913.7005759719734,31,1,0,782,328.0,-168.2466012467175,-7.654656255022163
0,1375,11/3/2014 21:17,11/3/2014 20:48,873.0,31,-95.0,-45.0,-32.4,670,822,137,130,112,0,0,0.135335283,-2.000000002,-1.956145,229,484,0.003413964031237602,-5.679881190331001,0,1.0401610107822888e-18,5911.899740247973,42,0,0,443,400.8,-128.7112222926224,-4.4798752688103995
0,451,9/7/2012 2:24,9/7/2012 2:24,315.0,30,170.0,-6.0,8.8,502,539,232,218,95,0,0,0.135335283,-2.000000002,-2.3395767,229,484,0.001601485478118088,-6.4368236566314225,0,1.1203622076139783e-54,1812.0603812300744,18,0,0,0,378.0,109.25753788384498,-3.228017735110822
0,588,4/18/2013 18:36,4/18/2013 18:24,493.0,56,80.0,0.0,-2.9,445,470,284,285,85,0,0,0.135335283,-2.000000002,-1.1169038,229,484,0.07664432803491227,-2.5685796746422107,840000.0000000008,4.1068494554425546e-51,3056.851022803046,6,0,0,0,291.8,1.456619045500691,-0.0005737531216104231
0,1367,10/30/2014 13:36,10/30/2014 13:36,416.0,12,-60.0,23.0,-3.7,227,159,71,82,102,0,0,0.135335283,-2.000000002,-2.8662539,229,484,0.0008772530243894394,-7.038715095927024,0,1.8507955363673675e-52,2508.7650682686854,39,0,0,490,337.0,-124.52950223523322,-4.193509174406424
0,1462,1/15/2015 15:36,1/15/2015 15:24,363.0,20,-12.0,43.0,0.9,300,297,20,8,59,0,0,0.135335283,-2.000000002,-2.1285806,229,484,0.009748751746899195,-4.630616028127461,0,1.523963221616026e-53,2139.6682288381407,37,0,0,257,383.3,-76.79106832328985,-1.5946101066068603
0,107,8/3/2011 13:55,8/3/2011 14:00,1320.0,44,30.0,15.0,-12.2,492,480,360,307,81,1,0,0.135335283,-2.000000002,-0.66069883,229,484,1.0195806212427816,0.01939138710419038,0,5.4620393712059626e-14,9484.71086056615,9,0,0,0,351.0,-37.96696396481451,-0.3898026913752092
0,658,7/25/2013 3:12,7/25/2013 2:24,475.0,40,175.0,35.0,8.7,554,475,336,341,85,0,0,0.135335283,-2.000000002,-2.0365224,229,484,0.00448507963595104,-5.406999027564122,0,2.084915046543759e-51,2927.574531916455,21,0,0,0,322.0,101.28655441937467,-2.7741931060435223
0,2015,6/16/2016 2:36,6/16/2016 2:24,516.0,40,-170.0,82.0,-13.9,277,0,21,6,28,0,0,0.135335283,-2.000000002,-1.9995244,229,484,0.006604052369172651,-5.020071823038578,0,9.422653713172369e-51,3222.9910909884866,18,0,0,0,553.0,96.81907923448499,-2.534865901517978
0,1267,8/19/2014 19:39,8/19/2014 22:00,200.0,19,-6.0,14.0,3.1,40,274,72,70,93,0,0,0.135335283,-2.000000002,-2.1120634,229,484,0.008488773626174926,-4.769010738306463,0,2.3149185976554338e-58,1059.6634733096073,37,0,0,0,393.2,-65.10503369536123,-1.146204816785863
0,875,1/14/2014 10:24,1/14/2014 10:00,752.0,43,-7.0,16.0,4.9,477,476,6,12,96,0,0,0.135335283,-2.000000002,-1.3919108,229,484,0.11378141758456382,-2.1734760607412578,0,2.3859291131648045e-25,4980.29771561028,35,0,0,597,651.0,-44.59869700829824,-0.5378701392206572
0,1204,6/27/2014 6:12,6/27/2014 6:12,813.0,48,119.0,33.0,-10.8,668,744,305,295,67,0,0,0.135335283,-2.000000002,-1.7294623,229,484,0.10059578375135379,-2.2966449332151297,0,4.95497321046719e-21,5447.69439206237,55,1,0,410,330.2,57.06665458257011,-0.8806390116945295
0,1288,9/3/2014 0:24,9/2/2014 23:48,389.0,24,-76.0,10.0,1.4,542,528,64,84,102,0,0,0.135335283,-2.000000002,-1.8622963,229,484,0.000549459010867628,-7.506576380410333,0,5.419134401709233e-53,2319.8323646675753,36,1,0,1140,419.3,-129.91652072378722,-4.564170458889733
0,1228,7/19/2014 7:48,7/19/2014 6:12,396.0,19,91.0,53.0,1.8,196,208,314,317,35,0,0,0.135335283,-2.000000002,-2.0727105,229,484,0.024123782254174515,-3.7245571095419705,0,7.512674133287442e-53,2368.6400276567742,35,1,0,675,305.3,54.64050414576192,-0.80735118802137
0,2252,6/28/2017 16:24,6/28/2017 16:00,400.0,39,17.0,37.0,5.8,295,409,269,310,16,0,0,0.135335283,-2.000000002,-1.8922521,229,484,0.025954559466388714,-3.651407982823727,0,9.030411862098435e-53,2396.5858188431926,18,1,0,360,398.5,-52.614925854732164,-0.7486020613031268
0,2099,10/13/2016 6:24,10/13/2016 5:12,339.0,10,-48.0,25.0,1.2,249,268,63,64,42,0,0,0.135335283,-2.000000002,-1.8129694,229,484,0.0028800195349131773,-5.849958201901322,0,4.3348728976139974e-54,1975.0140364019726,25,0,0,0,428.2,-100.43151065700401,-2.727552280380722
0,1216,7/6/2014 5:12,7/6/2014 4:12,407.0,22,-116.0,77.0,6,346,381,15,11,185,0,0,0.135335283,-2.000000002,-1.4679289,229,484,0.0034269031144899416,-5.676098307720719,0,1.240510872186046e-52,2445.586966475136,51,0,0,0,256.5,101.72917400710594,-2.7984923862001185
0,1072,4/21/2014 4:00,4/21/2014 3:48,236.0,20,119.0,29.0,-36.1,207,0,299,307,150,0,0,0.135335283,-2.000000002,-2.7359588,229,484,0.004827511091817625,-5.333424246032421,0,5.237014405718691e-57,1289.464305986044,57,1,0,592,609.7,82.4931958651422,-1.8402183245118209
0,1,4/3/2010 9:54,4/3/2010 10:33,620.0,26,8.0,7.0,-1,658,661,360,171,24,1,0,0.135335283,-2.000000002,-0.9347892,229,484,0.07934669943047029,-2.5339284279539576,0,2.6540707663474213e-49,3986.4260763842653,0,0,0,0,487.3,-39.55637785225733,-0.42312250643335697
0,462,9/20/2012 8:24,9/20/2012 8:12,523.0,37,99.0,37.0,0.5,492,490,312,309,81,0,0,0.135335283,-2.000000002,-2.1088617,229,484,0.0294517072110645,-3.525003400749293,0,1.2042041658192974e-50,3273.761105705955,16,0,0,1000,521.2,62.75635966328597,-1.064997479228693
0,702,9/6/2013 20:48,9/6/2013 20:48,750.0,26,-125.0,15.0,-18.4,553,619,90,80,49,0,0,0.135335283,-2.000000002,-2.567699,229,484,0.00013339660724724547,-8.922183857735368,14999.999999999947,1.4972853025991714e-25,4965.054904897767,29,0,0,0,379.3,164.07053241859796,-7.279377936214766
0,1594,4/25/2015 3:48,4/25/2015 3:24,590.0,14,-126.0,37.0,8.8,600,661,47,54,69,0,0,0.135335283,-2.000000002,-0.8472214,229,484,0.0004733463326590641,-7.6556832330499685,0,1.0781444654991174e-49,3764.272296770861,43,1,1,1020,356.5,141.79411940569187,-5.4368773115293685
0,1469,1/21/2015 19:24,1/21/2015 19:36,447.0,22,-30.0,36.0,-2.4,276,234,38,41,43,0,0,0.135335283,-2.000000002,-1.608233,229,484,0.011384862571199344,-4.47547065058019,0,6.88156093911032e-52,2727.8436917922654,35,0,0,500,478.2,-80.25843113382147,-1.7418647290595901
0,1260,8/12/2014 5:54,8/12/2014 5:36,710.0,31,-140.0,34.0,-5.5,576,601,360,38,75,1,0,0.135335283,-2.000000002,-1.8609595,229,484,0.0005773497059574196,-7.4570623988634654,0,3.6282389052818207e-31,4661.338128725107,33,0,0,0,461.2,144.8054158283243,-5.670256477342865
0,717,9/21/2013 5:48,9/21/2013 6:24,571.0,33,-74.0,35.0,-12.9,257,0,227,215,77,0,0,0.135335283,-2.000000002,-1.2007861,229,484,0.002015712705364544,-6.20678244618779,0,5.947420752256098e-50,3624.359238713582,33,1,0,371,423.3,-120.39349645316922,-3.91957652466719
0,1191,6/18/2014 6:48,6/18/2014 6:48,676.0,23,-48.0,-10.0,-15.5,506,325,103,117,120,0,0,0.135335283,-2.000000002,-1.9169025,229,484,0.008353076925234184,-4.7851253139566055,0,1.243064874940679e-40,4404.946519405044,59,0,0,1000,414.2,-103.12686319882103,-2.8759193924360047
0,1747,9/4/2015 19:24,9/4/2015 19:36,325.0,55,-20.0,-25.0,5.2,269,389,127,129,37,0,0,0.135335283,-2.000000002,-1.817045,229,484,0.011118333692548863,-4.499159849180371,0,1.9937334590976373e-54,1879.7431842571646,31,1,0,302,478.8,-70.03468301124688,-1.326353927659771
0,772,10/29/2013 0:48,10/29/2013 0:48,173.0,7,85.0,18.0,12.9,469,626,276,288,150,0,0,0.135335283,-2.000000002,-1.2294968,229,484,0.021477330986548637,-3.840757272809128,0,1.4541503382072748e-59,891.5194458481158,50,3,0,1100,310.8,21.131457523440634,-0.12075135128852779
0,2246,6/15/2017 2:36,6/15/2017 2:36,400.0,19,107.0,3.0,3,391,424,265,269,31,0,0,0.135335283,-2.000000002,-1.7537423,229,484,0.025025164648300725,-3.68787337444982,0,9.030411862098435e-53,2396.5858188431926,17,0,0,0,431.0,53.88116035250406,-0.78506745292922
0,771,10/28/2013 21:16,10/28/2013 21:25,574.0,25,83.0,22.0,-16.1,669,630,284,301,147,0,0,0.135335283,-2.000000002,-1.3966405,229,484,0.08927556167934546,-2.4160274939577597,0,6.541760876137452e-50,3646.409273487431,49,3,1,1100,297.0,22.72268854851063,-0.13962157243715956
0,2049,7/26/2016 7:24,7/26/2016 8:12,383.0,19,92.0,-12.0,-3.5,379,345,264,260,0,0,0,0.135335283,-2.000000002,-1.4459105,229,484,0.04048961027105955,-3.206709874297813,0,4.0759258543124862e-53,2278.0974008561875,23,0,0,0,356.2,29.95862509145123,-0.24270395277721232
0,391,6/28/2012 20:55,6/28/2012 20:00,798.0,20,-55.0,16.0,-24.3,1147,1261,42,47,87,0,0,0.135335283,-2.000000002,-2.0823255,229,484,0.009187805727741978,-4.689878138507909,0,7.685123723532817e-22,5332.322660764948,29,0,0,876,417.3,-109.11960162326046,-3.2198722169873086
0,1531,3/6/2015 7:12,3/6/2015 7:12,1500.0,46,-105.0,-9.0,48.6,1125,1241,83,92,35,0,0,0.135335283,-2.000000002,-1.4671521,229,484,0.0058460782662559385,-5.141984224381344,945000.0000000002,1.5900309589691883e-13,10969.830580635453,46,1,0,900,480.0,-151.40859078658326,-6.199178302860743
0,1891,1/25/2016 20:48,1/25/2016 20:48,420.0,27,-110.0,-15.0,-16.5,307,0,105,106,67,0,0,0.135335283,-2.000000002,-2.0162659,229,484,5.0654638114802683e-05,-9.89047975960018,0,2.2047052630760415e-52,2536.906978736514,28,1,0,250,387.3,-161.5755979509848,-7.059673838079578
0,1796,10/24/2015 7:48,10/24/2015 7:36,283.0,12,-143.0,10.0,0.4,215,226,80,69,78,0,0,0.135335283,-2.000000002,-2.2627153,229,484,3.349567230663565e-05,-10.304094312354886,0,1.5446020260046248e-55,1597.6614720330363,27,0,0,405,427.3,160.66227581266608,-6.980088390834285
0,600,5/2/2013 14:36,5/2/2013 14:12,350.0,22,70.0,-16.0,-2.5,362,347,228,235,104,0,0,0.135335283,-2.000000002,-1.7589028,229,484,0.038992974330891966,-3.24437379444236,0,7.798807497374843e-54,2050.276604069211,16,0,0,395,447.0,24.443362985985903,-0.16156787292175925
0,437,8/14/2012 1:36,8/14/2012 1:25,400.0,25,15.0,35.0,16.3,709,804,360,278,33,1,0,0.135335283,-2.000000002,-1.4034781,229,484,0.030390549091483327,-3.4936236040533415,0,9.030411862098435e-53,2396.5858188431926,17,0,0,550,475.3,-46.74231263005797,-0.5908176825327411
0,1167,6/8/2014 3:12,6/8/2014 3:36,450.0,23,157.0,-12.0,-7.5,406,326,360,280,142,1,0,0.135335283,-2.000000002,-2.7656486,229,484,0.0021324598024160383,-6.150479128756859,0,7.775305452434752e-52,2749.1614122439646,57,0,0,0,522.3,112.58568079627037,-3.4276732072362583
0,1607,5/2/2015 21:36,5/2/2015 20:24,296.0,50,-31.0,-32.0,3.8,430,394,360,115,34,1,0,0.135335283,-2.000000002,-1.913795,229,484,0.004610414018279919,-5.379437617268634,0,3.5489975595159385e-55,1684.3463984799218,49,0,0,686,403.2,-88.17058926238515,-2.102231695748033
0,671,8/6/2013 19:09,8/6/2013 16:24,514.0,49,131.0,21.0,4.5,408,393,284,317,71,0,0,0.135335283,-2.000000002,-2.1882224,229,484,0.014642477284869648,-4.223828571316572,0,8.779443278838163e-51,3208.502758443955,24,0,0,750,443.3,80.01750407845462,-1.7314226497959715
0,1336,10/7/2014 13:25,10/7/2014 14:48,324.0,24,81.0,8.0,30.2,295,873,67,67,68,0,0,0.135335283,-2.000000002,-1.580468,229,484,0.03907281930255406,-3.2423282122279784,0,1.8836452946712908e-54,1872.9608991167147,40,0,0,365,339.3,15.613475943424096,-0.06592229070737776
0,621,6/5/2013 9:12,6/5/2013 9:12,610.0,28,17.0,-43.0,-1.4,482,495,180,190,79,0,0,0.135335283,-2.000000002,-1.9858482,229,484,0.05918077700519564,-2.8271585025728507,0,1.97547361374621e-49,3912.209963872088,18,0,0,600,500.0,-50.15918504851551,-0.6803525810522504
0,816,12/4/2013 5:24,12/4/2013 5:12,443.0,21,56.0,9.0,6.1,454,487,278,274,117,0,0,0.135335283,-2.000000002,-1.8375354,229,484,0.06204998988812284,-2.779814930294905,0,5.839974392957385e-52,2699.451408129995,32,0,0,0,369.2,-10.845723325227237,-0.03180900877430453
0,1737,8/26/2015 16:00,8/26/2015 16:36,378.0,11,46.0,-19.0,-2.5,350,362,229,235,47,0,0,0.135335283,-2.000000002,-1.8759027,229,484,0.04371459810290069,-3.1300731799658164,0,3.2033668736902715e-53,2243.3900059442044,29,0,0,325,382.5,-23.399844480902185,-0.14806725844521593
0,928,2/6/2014 0:36,2/6/2014 0:24,351.0,21,111.0,-52.0,-1,299,283,211,215,171,0,0,0.135335283,-2.000000002,-1.800075,229,484,0.01316969074247629,-4.329837245471044,0,8.218680495358549e-54,2057.135964436519,59,0,0,300,392.0,68.00613675227216,-1.2506313239504439
0,763,10/27/2013 10:12,10/27/2013 10:00,531.0,40,75.0,5.0,-9.1,422,299,289,273,148,0,0,0.135335283,-2.000000002,-1.5069828,229,484,0.08601223505336517,-2.4532657247853846,0,1.5873939646741868e-50,3331.8986332794693,41,1,0,950,277.7,-9.032007112108158,-0.022059803264784298
0,531,12/20/2012 23:06,12/20/2012 22:24,575.0,17,125.0,30.0,-8,298,362,279,301,56,0,0,0.135335283,-2.000000002,-2.08969,229,484,0.018915501438808935,-3.9677735111343924,0,6.752034268127851e-50,3653.7627734584767,20,1,0,550,482.2,79.17063942139032,-1.6949675896137921
0,2019,6/20/2016 2:54,6/20/2016 2:36,434.0,32,100.0,6.0,-5.7,608,559,273,270,36,0,0,0.135335283,-2.000000002,-1.8196864,229,484,0.030219066470555726,-3.4992822137279953,0,4.014244196045041e-52,2635.7013277995757,21,1,0,482,470.7,51.55971808091028,-0.7188762922073949
0,1978,4/30/2016 8:24,4/30/2016 6:24,589.0,13,-102.0,39.0,18.1,725,699,47,52,89,0,0,0.135335283,-2.000000002,-2.402738,229,484,0.0005903558345444636,-7.434785093464494,0,1.0454210683791626e-49,3756.8930221707847,31,0,0,0,360.2,-138.835795736721,-5.212379171943893
0,897,1/25/2014 16:54,1/25/2014 16:48,624.0,30,-116.0,-44.0,-38.1,484,473,152,132,100,0,0,0.135335283,-2.000000002,-1.7504508,229,484,0.0008271503245476278,-7.097524108542798,0,2.982798138801975e-49,4016.157829862523,41,1,0,271,353.3,135.99314341395336,-5.001118187022198
0,342,4/29/2012 10:24,4/29/2012 9:36,550.0,33,-30.0,30.0,2.2,504,502,61,49,110,0,0,0.135335283,-2.000000002,-2.143706,229,484,0.012326407708651383,-4.3960113498634215,0,3.009146696614012e-50,3470.455053024584,38,0,0,610,407.8,-86.71097781718156,-2.033205428342821
0,2110,10/24/2016 23:56,10/24/2016 23:48,400.0,28,90.0,-28.0,7.4,319,419,139,118,15,0,0,0.135335283,-2.000000002,-1.4523197,229,484,0.03432103350558314,-3.371996891016744,0,9.030411862098435e-53,2396.5858188431926,25,1,0,462,396.5,41.654149915665556,-0.4691909694961441
0,278,2/27/2012 18:48,2/27/2012 18:36,600.0,33,119.0,20.0,11.4,727,692,281,286,44,0,0,0.135335283,-2.000000002,-2.0858634,229,484,0.027564418953692084,-3.5912295062959037,0,1.4631332347391062e-49,3838.157793129688,13,0,0,0,477.3,72.16890200425023,-1.4084235847753035
0,2186,3/11/2017 16:00,3/11/2017 14:24,379.0,35,-80.0,-2.0,14.7,699,596,89,80,0,0,0,0.135335283,-2.000000002,-2.262102,229,484,0.0002629792313641575,-8.243435497101782,0,3.362359461213019e-53,2250.3262217262395,12,0,0,338,384.7,-139.53522627100014,-5.265029575581181
0,963,2/19/2014 16:00,2/19/2014 16:00,800.0,45,-1.0,-37.0,-5.4,512,510,190,189,126,0,0,0.135335283,-2.000000002,-1.82253,229,484,0.10040381275156046,-2.2985550968324118,0,1.0018285940087801e-21,5347.689382134342,77,0,0,810,521.3,-55.59316909749863,-0.8357491753118109
0,1599,4/28/2015 7:31,4/28/2015 8:44,550.0,29,-6.0,-26.0,19.6,363,730,42,42,41,0,0,0.135335283,-2.000000002,-2.3422103,229,484,0.01677700687490988,-4.08774596841212,0,3.009146696614012e-50,3470.455053024584,44,0,0,0,315.2,-79.8675672185202,-1.7249400468915201
0,1280,8/28/2014 17:54,8/28/2014 17:24,1000.0,45,-178.0,6.0,-15.5,631,660,360,77,82,1,0,0.135335283,-2.000000002,0.46334624,229,484,0.014417091149727158,-4.239340890794112,4666200.000000001,3.527341651497805e-16,6907.755278982137,39,0,0,385,336.3,113.71097711467193,-3.4965349692735113
0,1540,3/12/2015 3:12,3/12/2015 2:48,250.0,17,-80.0,12.0,-3.8,144,0,79,77,56,0,0,0.135335283,-2.000000002,-2.0372438,229,484,0.00020674277281228776,-8.48403518083935,0,1.538574252208183e-56,1380.3652294655615,47,1,0,600,395.8,-136.5374153884595,-5.041229259318749
0,660,7/26/2013 19:24,7/26/2013 18:36,830.0,52,115.0,-60.0,-1.3,697,704,202,228,71,0,0,0.135335283,-2.000000002,-1.9908813,229,484,0.04316619792553177,-3.1426975454376023,0,3.026503905002218e-20,5578.783331656234,21,0,0,850,538.2,81.31188858491157,-1.7878916239170017
0,2072,9/6/2016 8:54,9/6/2016 8:36,674.0,31,120.0,-20.0,2.6,683,668,252,248,43,0,0,0.135335283,-2.000000002,-1.9663987,229,484,0.0299866887018018,-3.507001705728306,0,1.8445196829329556e-41,4389.917094754895,17,1,0,539,518.8,76.69434927033474,-1.5905957842077054
0,574,2/28/2013 1:25,2/27/2013 23:36,357.0,25,-76.0,-21.0,6.7,467,430,108,108,70,0,0,0.135335283,-2.000000002,-2.509058,229,484,0.00021131681752965356,-8.462152045739664,0,1.122153803735675e-53,2098.351674095331,24,0,0,621,323.7,-141.37189100865172,-5.404546124219064
0,1487,2/6/2015 4:24,2/6/2015 3:24,333.0,18,-6.0,-37.0,2.9,184,299,230,231,89,0,0,0.135335283,-2.000000002,-1.8381643,229,484,0.012707354771640826,-4.365574337263248,0,3.120460061459826e-54,1934.1114491634878,40,0,0,150,416.8,-67.21130858282936,-1.2215684157426479
0,2215,4/16/2017 6:12,4/16/2017 6:12,493.0,10,-100.0,-4.0,-34,354,0,83,96,0,0,0,0.135335283,-2.000000002,-2.8966527,229,484,4.7875998683660216e-05,-9.946896250447924,0,4.1068494554425546e-51,3056.851022803046,28,0,0,0,348.7,-165.18818491760615,-7.378890328927324
0,1016,3/22/2014 10:09,3/22/2014 10:00,824.0,24,47.0,50.0,-1.4,742,747,323,337,146,0,0,0.135335283,-2.000000002,-1.9992945,229,484,0.12736726774430684,-2.0606804939389116,0,1.650648549841517e-20,5532.476516645405,50,1,0,470,428.8,-50.30355224835432,-0.6842745724183107
0,440,8/16/2012 6:24,8/16/2012 6:36,350.0,30,-22.0,40.0,-5.9,395,238,132,130,32,0,0,0.135335283,-2.000000002,-1.7690535,229,484,0.010745726935104172,-4.533247097839223,0,7.798807497374843e-54,2050.276604069211,20,1,0,751,499.5,-73.23750043540718,-1.450441176318623
0,388,6/27/2012 9:06,6/27/2012 8:48,552.0,16,-89.0,24.0,9.3,255,512,120,118,70,0,0,0.135335283,-2.000000002,-1.7749252,229,484,0.00045697086431010695,-7.6908909233473,0,3.2144933146764117e-50,3485.0785215449564,26,0,0,800,391.2,-140.4631052510058,-5.3352850018266995
0,696,8/31/2013 20:24,8/31/2013 21:24,590.0,36,-156.0,-21.0,5.1,434,465,133,103,74,0,0,0.135335283,-2.000000002,-1.7921853,229,484,0.00036555531255815025,-7.91409295627584,0,1.0781444654991174e-49,3764.272296770861,29,0,0,0,436.5,145.12467555355593,-5.69528703475524
0,592,4/22/2013 16:48,4/22/2013 16:24,380.0,34,100.0,-17.0,1.9,415,413,251,247,89,0,0,0.135335283,-2.000000002,-1.2133635,229,484,0.045215109516191426,-3.096323966671839,0,3.5287794843173354e-53,2257.265076033764,8,0,0,0,263.0,21.19843699354459,-0.12151804515123846
0,101,7/23/2011 12:48,7/23/2011 12:36,640.0,28,-122.0,-4.0,2.7,617,619,89,85,43,0,0,0.135335283,-2.000000002,-1.5458994,229,484,0.0001033327300928683,-9.177556386981184,0,4.723161867792776e-49,4135.339632866379,4,0,0,0,560.0,-162.47799611416076,-7.138750465460584
0,1528,3/3/2015 23:06,3/3/2015 21:38,800.0,18,-6.0,45.0,-2.8,418,417,56,48,42,0,0,0.135335283,-2.000000002,-1.8179426,229,484,0.06748955336670392,-2.6957824580187015,0,1.0018285940087801e-21,5347.689382134342,48,1,0,725,447.0,-67.52441952338411,-1.232976536498101
0,394,6/29/2012 9:39,6/29/2012 9:36,1344.0,23,-26.0,28.0,-1.5,890,899,32,25,103,0,0,0.135335283,-2.000000002,-1.3859904,229,484,0.2128577493403962,-1.5471311798518212,0,6.542083083479079e-14,9681.37702033568,32,2,0,798,378.8,-86.91373887544394,-2.0427252583312208
0,1327,9/29/2014 5:00,9/29/2014 4:48,567.0,11,-60.0,7.0,-7.3,371,353,85,91,180,0,0,0.135335283,-2.000000002,-1.8821337,229,484,0.001866752525351617,-6.283554975242834,0,5.233953657018399e-50,3594.9837252136354,45,0,0,0,372.0,-121.34763121159315,-3.981949053722233
0,1692,7/18/2015 13:25,7/18/2015 13:25,222.0,30,91.0,12.0,-6.1,262,0,292,297,58,0,0,0.135335283,-2.000000002,-1.6860273,229,484,0.024994283787013922,-3.689108128777437,0,1.6614799883302795e-57,1199.394378775646,31,1,0,212,322.8,23.196274753412098,-0.14550220725683707
0,150,9/29/2011 19:39,9/29/2011 20:50,650.0,40,139.0,-26.0,-7.5,503,536,246,256,128,0,0,0.135335283,-2.000000002,-2.056508,229,484,0.012480370015544733,-4.3835982677989,0,6.258088787603373e-49,4210.032035878294,31,1,0,540,512.3,93.83053925315122,-2.3807923462782994
0,337,4/24/2012 8:12,4/24/2012 8:12,500.0,30,-60.0,10.0,-8.1,355,294,62,80,134,0,0,0.135335283,-2.000000002,-1.9301631,229,484,0.0030187100693938236,-5.8029256681808725,0,5.3095603255963777e-51,3107.304049211096,37,0,0,590,457.3,-109.7994664064889,-3.260119746660272
0,466,9/22/2012 3:24,9/22/2012 3:24,982.0,25,-101.0,0.0,-21.4,526,710,89,101,58,0,0,0.135335283,-2.000000002,-1.2799702,229,484,0.0010512609121228382,-6.857764966590358,0,1.9865128189881672e-16,6765.578664804086,18,0,0,1040,471.8,-149.57769936948478,-6.050159045069758
0,23,10/17/2010 8:36,10/17/2010 9:36,340.0,30,-144.0,32.0,-0.9,297,274,269,279,57,0,0,0.135335283,-2.000000002,-1.8929844,229,484,0.00022133966391402527,-8.415812095543782,0,4.5763000396200696e-54,1981.8415099874705,6,0,0,0,372.8,139.95831104846087,-5.297006174023181
0,1940,3/20/2016 14:00,3/20/2016 12:48,350.0,29,90.0,-19.0,3.9,274,344,254,264,36,0,0,0.135335283,-2.000000002,-1.6320007,229,484,0.030369393680412034,-3.494319964548795,0,7.798807497374843e-54,2050.276604069211,24,0,0,0,414.7,39.009985018175335,-0.4115140430281947
0,1468,1/21/2015 0:36,1/21/2015 0:24,500.0,9,-6.0,9.0,-9.5,442,435,69,84,43,0,0,0.135335283,-2.000000002,-2.588388,229,484,0.012111432156056279,-4.413605466142327,0,5.3095603255963777e-51,3107.304049211096,35,0,0,1350,297.3,-83.1758180964344,-1.8707995446217263
0,1047,4/6/2014 9:48,4/6/2014 9:36,654.0,40,145.0,26.0,-5.3,396,393,302,309,121,0,0,0.135335283,-2.000000002,-1.9870534,229,484,0.020463948614129902,-3.889090545186239,0,6.995099596778427e-49,4239.952207853008,62,1,0,364,370.5,83.83753179999715,-1.900684623665639
0,902,1/27/2014 2:24,1/27/2014 2:12,700.0,20,-83.0,21.0,-15.9,507,612,88,71,76,0,0,0.135335283,-2.000000002,-2.1884623,229,484,0.0006071822119809218,-7.40668162746855,0,2.797197391616497e-33,4585.756234530383,43,2,0,729,343.7,-143.69819887735378,-5.58387570594795
0,1189,6/16/2014 23:48,6/16/2014 23:48,465.0,5,108.0,-53.0,-35.2,74,0,225,223,84,0,0,0.135335283,-2.000000002,-1.6728543,229,484,0.022123898958575042,-3.811096853910621,0,1.4143799972618093e-51,2856.0473935981204,58,0,0,800,366.0,64.9937833025459,-1.1422909323900203
0,415,7/8/2012 19:12,7/8/2012 21:12,595.0,40,80.0,-13.0,31.9,1167,1123,262,251,117,0,0,0.135335283,-2.000000002,-0.78523713,229,484,0.08512294782637168,-2.4636586225696164,0,1.2567896652524169e-49,3801.1940362996497,48,4,0,1000,445.8,31.177384246906612,-0.2628527010490158
0,693,8/29/2013 19:54,8/29/2013 21:38,550.0,18,-155.0,-20.0,49.3,776,1113,83,81,53,0,0,0.135335283,-2.000000002,0.10333538,229,484,0.0006336797996028725,-7.363966779051715,0,3.009146696614012e-50,3470.455053024584,26,0,0,705,352.3,135.99372357263428,-5.001160857531115
0,1037,4/1/2014 14:24,4/1/2014 14:00,375.0,8,90.0,-29.0,-8.3,352,125,242,237,96,0,0,0.135335283,-2.000000002,-1.8269218,229,484,0.02868744924205871,-3.5512955605029397,0,2.767888855051855e-53,2222.597259738904,61,0,0,0,429.7,45.44551336443116,-0.5584896389823394
0,954,2/15/2014 21:12,2/15/2014 20:48,340.0,21,172.0,-45.0,-0.3,264,262,185,187,113,0,0,0.135335283,-2.000000002,-2.7015119,229,484,0.0017797935783206988,-6.331257888638426,0,4.5763000396200696e-54,1981.8415099874705,74,0,0,639,419.8,108.99379511881268,-3.212451967117825
0,2035,7/6/2016 6:36,7/6/2016 6:48,620.0,7,59.0,36.0,6.3,574,539,305,308,13,0,0,0.135335283,-2.000000002,-1.8884882,229,484,0.08262264353915101,-2.493471501166749,0,2.6540707663474213e-49,3986.4260763842653,25,0,0,550,324.0,-37.61777922115362,-0.3826655796461484
0,703,9/7/2013 4:36,9/7/2013 4:36,430.0,17,-85.0,14.0,-19.8,234,0,52,77,37,0,0,0.135335283,-2.000000002,-2.3442073,229,484,0.00016331225712279204,-8.719846501877555,0,3.389479925723268e-52,2607.427639735671,30,1,0,750,347.5,-148.02297141376408,-5.9250405803569555
0,533,12/22/2012 9:48,12/22/2012 9:12,410.0,12,-95.0,-20.0,3.2,433,451,108,111,78,0,0,0.135335283,-2.000000002,-2.1978145,229,484,0.0001306243708482463,-8.943184751729554,0,1.418907417061145e-52,2466.6244354763253,20,1,0,400,369.5,-149.9014640159085,-6.076378830208953
0,1507,2/24/2015 10:12,2/24/2015 10:12,830.0,43,-129.0,-32.0,-9.8,799,868,107,141,44,0,0,0.135335283,-2.000000002,-2.1835203,229,484,0.0006926859798429806,-7.274933793009201,0,3.026503905002218e-20,5578.783331656234,35,2,0,300,464.5,-147.96159254605516,-5.920127871488601
0,601,5/3/2013 18:00,5/3/2013 18:00,650.0,40,-89.0,7.0,-8,788,831,86,42,98,0,0,0.135335283,-2.000000002,-2.0974813,229,484,0.0003528231342015368,-7.949543662847854,0,6.258088787603373e-49,4210.032035878294,17,0,0,0,382.0,-148.29374958988726,-5.9467377413272535
0,215,12/4/2011 20:39,12/4/2011 20:12,520.0,46,72.0,43.0,-18.3,422,0,97,128,162,0,0,0.135335283,-2.000000002,-2.446292,229,484,0.048234778810841525,-3.031674966026991,0,1.0844869277536546e-50,3251.990982019246,36,1,0,270,414.7,45.542219166226765,-0.5608690445063905
0,2051,7/30/2016 17:48,7/30/2016 17:48,525.0,33,-168.0,14.0,3.3,341,374,42,32,21,0,0,0.135335283,-2.000000002,-1.7911644,229,484,0.0006187196995180743,-7.387858215756307,0,1.2908335861494607e-50,3288.2840878606025,19,0,0,0,415.8,135.09190717464773,-4.935052294235706
0,1654,6/16/2015 5:12,6/16/2015 4:48,570.0,39,25.0,-50.0,-21.1,253,0,189,193,70,0,0,0.135335283,-2.000000002,-2.1893039,229,484,0.047316524586668,-3.050895687483193,0,5.760908963313823e-50,3617.0127256723,23,0,0,170,502.3,-53.01709115492539,-0.7600897659625927
0,1970,4/24/2016 4:24,4/24/2016 4:12,510.0,40,115.0,24.0,-2.9,457,451,354,1,37,0,0,0.135335283,-2.000000002,-2.5099285,229,484,0.020236767311140855,-3.900254165148132,0,7.615321278211723e-51,3179.5494701163693,26,0,0,0,509.2,71.7842016389025,-1.3934482436275317
0,2126,11/10/2016 23:36,11/10/2016 22:24,350.0,31,112.0,1.0,0.7,317,316,269,285,24,0,0,0.135335283,-2.000000002,-1.9305501,229,484,0.01669605688957399,-4.092582701835587,0,7.798807497374843e-54,2050.276604069211,27,0,0,456,450.3,61.107728918728625,-1.009776780314987
0,1911,2/13/2016 22:54,2/13/2016 22:00,274.0,28,-6.0,-31.0,4.1,213,320,176,183,38,0,0,0.135335283,-2.000000002,-2.1507406,229,484,0.01052383300099116,-4.5541127843268825,0,8.479033015672503e-56,1537.9971011503312,29,0,0,193,406.8,-66.55163392928554,-1.197706862806282
0,2170,2/1/2017 16:00,2/1/2017 14:48,358.0,34,33.0,29.0,15.1,591,570,342,320,47,0,0,0.135335283,-2.000000002,-1.9364475,229,484,0.03757463156258768,-3.28142614877806,0,1.1813145310199149e-53,2105.2308091314508,15,0,0,0,694.5,-29.000000006863544,-0.2274202272574596
0,738,10/12/2013 17:40,10/12/2013 18:00,521.0,26,75.0,-9.0,5.2,294,372,186,183,112,0,0,0.135335283,-2.000000002,-1.5062447,229,484,0.07787490722605149,-2.5526514931939905,0,1.123084648565076e-50,3259.245771753504,31,0,0,0,384.5,17.77576226349228,-0.08544557167338998
0,249,1/4/2012 2:24,1/4/2012 3:36,320.0,43,174.0,33.0,39.1,769,991,19,18,126,0,0,0.135335283,-2.000000002,-2.8146875,229,484,0.0018697166777653903,-6.281968368810691,0,1.498061491438007e-54,1845.862718654007,33,0,0,318,359.8,106.91641001305065,-3.091162447290091
0,795,11/12/2013 7:12,11/12/2013 6:48,650.0,30,79.0,-30.0,15.3,758,707,239,240,135,0,0,0.135335283,-2.000000002,-1.5971324,229,484,0.09169541746022075,-2.3892828741394028,0,6.258088787603373e-49,4210.032035878294,55,0,0,600,418.0,37.80465276635047,-0.38647695261880216
0,376,6/17/2012 10:12,6/17/2012 10:12,576.0,20,-162.0,-40.0,-4.1,501,517,149,141,88,0,0,0.135335283,-2.000000002,-1.3839035,229,484,0.0012383906881432043,-6.69394257442129,0,6.968678150997935e-50,3661.1180125608334,23,1,0,530,419.3,127.91667656105966,-4.424736652900689
0,1888,1/22/2016 19:12,1/22/2016 18:48,541.0,22,2.0,-38.0,22.1,487,728,158,152,67,0,0,0.135335283,-2.000000002,-1.8782685,229,484,0.03993946388695526,-3.220390374045116,0,2.228993125683845e-50,3404.7398298559465,27,0,0,0,502.0,-55.240674375279475,-0.8251844525245156
0,130,9/10/2011 10:24,9/10/2011 8:48,899.0,42,64.0,14.0,28.1,954,864,275,257,80,0,0,0.135335283,-2.000000002,-1.6066182,229,484,0.29296893897872,-1.2276886858960958,0,5.278091781828407e-18,6114.353447989986,18,1,0,603,478.0,21.177905058352245,-0.12128276437549529
0,245,1/1/2012 13:36,1/1/2012 13:36,820.0,45,142.0,8.0,12,749,755,297,293,71,0,0,0.135335283,-2.000000002,-1.8841431,229,484,0.04498531092868684,-3.101419266306624,0,1.081093162744836e-20,5501.629559011804,35,0,0,0,366.3,79.5352006913839,-1.7106133447860234
0,139,9/19/2011 17:06,9/19/2011 16:00,458.0,32,-109.0,26.0,-10.7,227,0,55,47,142,0,0,0.135335283,-2.000000002,-1.8551688,229,484,0.00015210916798663165,-8.790912084469324,0,1.0724703194865502e-51,2806.106086324297,20,1,0,640,410.7,-150.1544504521407,-6.096906162948724
0,417,7/11/2012 11:25,7/11/2012 10:36,540.0,20,-11.0,42.0,31.3,1040,984,350,24,110,0,0,0.135335283,-2.000000002,-1.083168,229,484,0.028864169296593797,-3.5451542697992178,0,2.1552190240684773e-50,3397.447335361493,49,0,0,610,515.0,-65.10910989972392,-1.1463483482786174
0,1135,5/20/2014 5:48,5/20/2014 5:12,400.0,18,34.0,25.0,1.1,418,422,306,316,87,0,0,0.135335283,-2.000000002,-2.4809299,229,484,0.03495105304346475,-3.3538066807572258,0,9.030411862098435e-53,2396.5858188431926,65,1,0,323,340.0,-40.83871701776441,-0.4510007592366253
0,1689,7/17/2015 16:24,7/17/2015 16:00,133.0,30,90.0,0.0,-6.4,140,0,253,269,50,0,0,0.135335283,-2.000000002,-1.73322,229,484,0.016479452453030178,-4.105640979990261,0,8.662072204099836e-62,650.4164340534933,29,0,0,870,381.3,29.89258179249168,-0.24163505846966063
0,766,10/28/2013 2:12,10/28/2013 2:24,650.0,60,65.0,7.0,-12.1,575,616,360,296,147,1,0,0.135335283,-2.000000002,-1.3938844,229,484,0.12321631500227855,-2.093813809683848,0,6.258088787603373e-49,4210.032035878294,44,1,0,900,279.5,-18.345222005407518,-0.09100788816324722
0,1858,12/23/2015 1:09,12/23/2015 1:25,501.0,18,-56.0,-21.0,1.6,544,531,98,110,68,0,0,0.135335283,-2.000000002,-1.9831619,229,484,0.003941078304480927,-5.536300911775864,26499.999999999905,5.50635654576029e-51,3114.519656643517,33,0,0,363,454.8,-105.27705008198114,-2.9970949902552637
0,1866,1/1/2016 23:12,1/1/2016 23:24,1588.0,37,73.0,-34.0,12.7,1795,1755,360,227,37,1,0,0.135335283,-2.000000002,0.07903725,229,484,2.6179704376010493,0.9623993754457445,106400.0,2.247929829163213e-13,11703.926259189644,30,0,0,0,435.8,39.01380796357181,-0.4115947030336557
0,1060,4/13/2014 7:25,4/13/2014 6:12,581.0,25,164.0,14.0,-0.3,353,347,286,276,80,0,0,0.135335283,-2.000000002,-2.1725783,229,484,0.008661946066092257,-4.748815862705016,0,8.153971403997711e-50,3697.9201897309604,61,0,0,0,338.5,96.1049507699784,-2.4976099411844164
0,407,7/5/2012 13:39,7/5/2012 13:24,640.0,22,42.0,-56.0,1.9,760,753,219,223,129,0,0,0.135335283,-2.000000002,-1.7043037,229,484,0.05546121996445883,-2.8920712418410046,0,4.723161867792776e-49,4135.339632866379,41,0,0,535,483.3,-56.17272607364587,-0.8532653203204041
0,38,12/24/2010 5:48,12/24/2010 5:00,500.0,28,73.0,3.0,2,237,266,263,261,14,0,0,0.135335283,-2.000000002,-1.4616449,229,484,0.07845249385253837,-2.545262011238397,0,5.3095603255963777e-51,3107.304049211096,8,0,0,0,315.2,3.01373850498226,-0.0024560897177968383
0,787,11/7/2013 0:00,11/7/2013 0:00,950.0,68,95.0,-35.0,-45.5,658,884,360,233,166,1,0,0.135335283,-2.000000002,-1.3174064,229,484,0.2344359804302722,-1.4505727329300713,0,6.102694984038135e-17,6513.638885364858,57,0,0,400,346.7,44.17784137542511,-0.5277668114094708
0,1899,2/1/2016 20:54,2/1/2016 18:00,585.0,20,-26.0,-6.0,10.6,457,540,94,77,44,0,0,0.135335283,-2.000000002,-3.3899488,229,484,0.004001236407262043,-5.52115186380886,0,9.236706807637482e-50,3727.3929306306363,32,0,0,475,271.8,-110.20667536307401,-3.2843459422882595
0,607,5/11/2013 23:54,5/12/2013 0:00,700.0,34,25.0,37.0,15.9,738,715,319,328,134,0,0,0.135335283,-2.000000002,-1.7410662,229,484,0.0824159829771123,-2.4959758927072655,0,2.797197391616497e-33,4585.756234530383,19,0,0,0,374.3,-49.893712564292976,-0.6731699711866649
0,448,8/25/2012 17:54,8/25/2012 16:36,950.0,38,-145.0,0.0,-1.8,612,624,360,64,77,1,0,0.135335283,-2.000000002,-2.5932117,229,484,0.00014671183923259406,-8.827040172373042,0,6.102694984038135e-17,6513.638885364858,25,0,0,0,520.5,170.96741870792906,-7.904234250852442
0,1934,3/15/2016 6:48,3/15/2016 6:12,590.0,32,95.0,50.0,-1.7,387,401,318,325,59,0,0,0.135335283,-2.000000002,-2.2868292,229,484,0.03239604729545407,-3.429718860679986,0,1.0781444654991174e-49,3764.272296770861,22,0,0,544,538.2,66.91753170142641,-1.2109129391593858
0,330,4/19/2012 15:39,4/19/2012 15:12,650.0,25,-18.0,-28.0,7.9,660,612,138,118,148,0,0,0.135335283,-2.000000002,-1.9657767,229,484,0.01997675823864058,-3.9131857692440257,0,6.258088787603373e-49,4210.032035878294,37,1,0,500,351.2,-84.05108373412699,-1.9103798477234253
0,920,2/3/2014 8:24,2/3/2014 8:24,415.0,44,-92.0,-25.0,-16,255,0,93,114,127,0,0,0.135335283,-2.000000002,-1.7739782,229,484,0.00021743310836068135,-8.433619302505031,0,1.7711012125356573e-52,2501.7355858957394,55,0,0,745,377.0,-143.71026366575362,-5.58481338098443
0,2031,6/30/2016 16:54,6/30/2016 16:12,572.0,50,-180.0,0.0,0.3,416,419,360,131,0,1,0,0.135335283,-2.000000002,-0.021920681,229,484,0.0024029680408874316,-6.03105062198856,0,6.139623856762223e-50,3631.7075030692445,26,0,0,643,368.0,117.7202212974921,-3.7474447004679594
0,83,5/29/2011 21:30,5/29/2011 21:24,915.0,40,-55.0,-5.0,3.4,1425,1416,107,105,98,0,0,0.135335283,-2.000000002,0.09374094,229,484,0.037966568963523094,-3.271049270593141,15750900.0,1.246093974385475e-17,6239.315519727102,9,0,0,850,642.8,-90.65239050830515,-2.2222433490725404
0,1118,5/12/2014 12:18,5/12/2014 11:24,751.0,32,-39.0,-65.0,-0.2,692,694,168,164,154,0,0,0.135335283,-2.000000002,-2.1093583,229,484,0.02026258149612432,-3.898979369911191,0,1.8930476269177907e-25,4972.675644474865,58,0,0,421,421.7,-91.4146717554048,-2.2597734483905905
0,251,1/8/2012 2:12,1/8/2012 2:12,554.0,36,-135.0,-38.0,-3.4,514,527,98,121,104,0,0,0.135335283,-2.000000002,-2.0613337,229,484,0.00043992405560909563,-7.728908446837634,0,3.433021057365745e-50,3499.7092364579953,30,0,0,0,422.5,141.0570747556548,-5.380502525317033
0,1627,5/13/2015 18:48,5/13/2015 18:48,354.0,37,7.0,37.0,-5.1,353,388,360,353,172,1,0,0.135335283,-2.000000002,-1.226828,229,484,0.027748410818376458,-3.5845767082358106,0,9.610000465637005e-54,2077.7311072493562,52,0,0,0,713.5,-43.689810817544725,-0.5161707867152103
0,178,11/4/2011 3:24,11/4/2011 1:25,560.0,60,-130.0,0.0,-8,677,716,360,84,99,1,0,0.135335283,-2.000000002,-1.7571926,229,484,9.780585955979578e-05,-9.232526069018913,0,4.1758475269549423e-50,3543.644598888349,23,1,1,1100,326.5,159.80410853744894,-6.905720147498313
0,2106,10/23/2016 12:12,10/23/2016 12:00,202.0,21,88.0,23.0,0.4,266,279,299,292,15,0,0,0.135335283,-2.000000002,-1.9488293,229,484,0.017169530728840792,-4.064618935323313,0,2.7954272163514665e-58,1072.2700748750435,21,0,0,317,429.3,40.748621142836626,-0.44901301380271286
0,79,5/18/2011 18:54,5/18/2011 18:24,760.0,25,86.0,-15.0,7.5,1156,1135,306,266,41,0,0,0.135335283,-2.000000002,-1.360495,229,484,0.14303473577207262,-1.9446677707224678,0,1.3667495945921682e-24,5041.322009293087,9,0,0,0,427.5,35.34703832499273,-0.3378618492018672
0,41,1/12/2011 10:00,1/12/2011 11:00,650.0,35,125.0,-13.0,17.8,301,682,66,67,22,0,0,0.135335283,-2.000000002,-1.9539342,229,484,0.02493916333984667,-3.6913158862116955,0,6.258088787603373e-49,4210.032035878294,5,0,0,0,495.3,79.01968013999847,-1.6885099646910948
0,2140,12/8/2016 10:36,12/8/2016 8:48,271.0,48,1.0,31.0,4.8,342,333,354,324,14,0,0,0.135335283,-2.000000002,-1.6300244,229,484,0.01719272595243949,-4.063268894356166,0,6.910666174684378e-56,1518.174200458399,19,0,0,483,528.0,-50.73500639150369,-0.6960629728355652
0,196,11/18/2011 0:00,11/17/2011 23:12,465.0,20,98.0,40.0,-4.7,431,412,304,309,132,0,0,0.135335283,-2.000000002,-1.8243042,229,484,0.03185333195475444,-3.446613288471591,0,1.4143799972618093e-51,2856.0473935981204,31,2,0,773,390.3,53.63144267111191,-0.7778073669509907
0,843,12/18/2013 20:24,12/18/2013 18:12,347.0,26,111.0,-50.0,4.6,374,357,220,220,140,0,0,0.135335283,-2.000000002,-1.5945115,229,484,0.015041052537412824,-4.196971980368361,0,6.657336605818898e-54,2029.7156986415603,45,0,0,0,356.8,63.87681649565058,-1.1033660588477603
0,1558,4/3/2015 7:48,4/3/2015 7:36,430.0,39,-95.0,9.0,-6.3,334,352,69,69,35,0,0,0.135335283,-2.000000002,-1.2018714,229,484,0.0003895503949476859,-7.850517317331713,0,3.389479925723268e-52,2607.427639735671,29,0,0,0,539.3,-136.73339292839,-5.055711395811112
0,403,7/4/2012 9:24,7/4/2012 8:36,441.0,23,30.0,-54.0,-1.5,432,437,213,214,131,0,0,0.135335283,-2.000000002,-1.9334865,229,484,0.02787996785991906,-3.579846845891086,0,5.37682378097464e-52,2685.268790072059,37,1,0,605,521.2,-55.222478560112236,-0.8246409243704855
0,1986,5/9/2016 23:09,5/9/2016 20:12,414.0,35,31.0,49.0,5.7,484,432,337,350,52,0,0,0.135335283,-2.000000002,-2.1713781,229,484,0.02994161022548351,-3.5085061196905647,0,1.6946539739591306e-52,2494.70851316368,26,0,0,0,622.3,-49.25706581631236,-0.6561001981699643
0,1690,7/18/2015 0:00,7/17/2015 23:12,208.0,39,100.0,15.0,4.9,201,366,286,303,58,0,0,0.135335283,-2.000000002,-1.6615491,229,484,0.018147384167711826,-4.009228851649078,0,4.864385211828822e-58,1110.2079205778741,30,1,0,350,361.7,39.18538497469571,-0.4152229301284771
0,1909,2/9/2016 19:48,2/9/2016 19:23,450.0,14,-76.0,14.0,5.5,456,453,72,78,84,0,0,0.135335283,-2.000000002,-2.5036426,229,484,0.000522398740479117,-7.5570793910326834,0,7.775305452434752e-52,2749.1614122439646,33,0,0,600,385.8,-133.705434782045,-4.834273469512083
0,1076,4/22/2014 16:48,4/22/2014 16:48,660.0,50,-112.0,13.0,-16.7,426,507,94,85,123,0,0,0.135335283,-2.000000002,-1.4118485,229,484,0.00016714899657153153,-8.696624948277828,0,8.255902973776729e-49,4284.878291113511,56,0,0,524,460.3,-157.75573130935123,-6.729819026757227
0,1996,5/16/2016 22:36,5/17/2016 0:12,366.0,17,88.0,26.0,-3.2,276,152,301,296,55,0,0,0.135335283,-2.000000002,-2.0603209,229,484,0.025946196217185073,-3.651730261340326,0,1.7725051886181842e-53,2160.3638000249,29,0,0,0,498.8,48.134052485255644,-0.6265243398197256
0,1712,8/2/2015 22:12,8/2/2015 21:48,516.0,41,-99.0,-25.0,-0.5,452,455,102,123,53,0,0,0.135335283,-2.000000002,-0.9127121,229,484,0.0005732402613386384,-7.464205624877085,0,9.422653713172369e-51,3222.9910909884866,41,0,0,420,531.2,-135.6920812096722,-4.978999703356484
0,1146,5/26/2014 17:54,5/26/2014 17:36,338.0,29,-103.0,27.0,-8.5,185,0,77,60,91,0,0,0.135335283,-2.000000002,-2.1924014,229,484,8.267071604003207e-05,-9.40064511731187,0,4.105501253220129e-54,1968.1895126732604,63,0,0,362,324.2,-152.32733092270774,-6.274639195791269
0,2193,4/1/2017 22:12,4/1/2017 22:12,609.0,21,54.0,20.0,-10.9,330,470,308,309,71,0,0,0.135335283,-2.000000002,-1.8776603,229,484,0.1014888873654417,-2.2878059705784333,0,1.917477403691863e-49,3904.7973250353275,8,0,0,0,528.3,22.54119299007634,-0.13740004905783307
0,64,4/7/2011 12:20,4/7/2011 12:00,990.0,39,140.0,-37.0,6.2,828,805,232,220,81,0,0,0.135335283,-2.000000002,-1.7720926,229,484,0.042372226924900995,-3.1612621567231693,0,2.5823737758512634e-16,6828.727893697349,8,1,0,550,507.5,93.86332168519874,-2.3824562352025693
0,876,1/15/2014 14:12,1/15/2014 13:48,277.0,40,-123.0,48.0,6.4,386,389,27,37,93,0,0,0.135335283,-2.000000002,-1.7864451,229,484,0.00033112850588642534,-8.013004022624617,0,1.0379007820858282e-55,1557.8528492138928,35,0,0,0,476.8,-131.3774644978455,-4.667398101104016
0,685,8/23/2013 0:48,8/23/2013 0:48,670.0,14,61.0,-30.0,-8.8,604,671,242,236,138,0,0,0.135335283,-2.000000002,-1.4245037,229,484,0.10461076477496016,-2.2575088189280197,0,2.926720121434819e-43,4359.876067297958,27,0,0,460,538.5,34.758413580205804,-0.3267028974074189
0,634,6/21/2013 3:24,6/21/2013 3:12,1970.0,70,-57.0,-19.0,1.5,1907,1903,123,107,139,0,0,0.135335283,-2.000000002,0.6133957,229,484,0.809993300682404,-0.2107293021123197,1199999.9999999998,5.219499180751704e-13,14944.003978812108,20,0,0,682,472.7,-104.62216142590525,-2.959923380591719
0,942,2/11/2014 9:48,2/11/2014 9:24,490.0,45,22.0,21.0,3.1,392,415,338,323,158,0,0,0.135335283,-2.000000002,-1.7519367,229,484,0.053792556027900625,-2.92262018518122,0,3.674574982020145e-51,3035.258641641289,71,1,0,570,445.0,-35.65704905088152,-0.3438142636606194
0,365,6/3/2012 13:54,6/3/2012 12:24,450.0,35,-43.0,-38.0,-0.2,469,470,128,147,165,0,0,0.135335283,-2.000000002,-1.9093468,229,484,0.0035185882064827224,-5.649695447529078,0,7.775305452434752e-52,2749.1614122439646,20,0,0,0,353.0,-104.03671211250071,-2.9268895260084777
0,1645,6/9/2015 12:00,6/9/2015 11:48,460.0,23,-123.0,-33.0,3.9,429,450,142,128,92,0,0,0.135335283,-2.000000002,-1.7701466,229,484,0.00030951203035896747,-8.080513596291443,0,1.1612158801623699e-51,2820.3641851622447,22,0,0,0,647.8,-141.23006401366027,-5.393707674770843
0,933,2/8/2014 13:39,2/8/2014 14:24,245.0,19,-91.0,6.0,11.7,544,585,89,93,147,0,0,0.135335283,-2.000000002,-1.4303164,229,484,0.00011737858500372499,-9.050106077739553,0,1.0549512052140704e-56,1347.8082615834583,63,0,0,530,430.8,-143.76797966757997,-5.589300156218953
0,1606,5/2/2015 9:48,5/2/2015 9:36,200.0,37,88.0,-28.0,-31.9,347,0,333,339,34,0,0,0.135335283,-2.000000002,-1.3890436,229,484,0.01692155788995108,-4.079166855168421,0,2.3149185976554338e-58,1059.6634733096073,48,1,0,975,404.8,41.08068563972178,-0.4563609336478213
0,1212,7/2/2014 0:12,7/1/2014 23:48,600.0,22,-113.0,-21.0,-40.5,652,779,107,105,145,0,0,0.135335283,-2.000000002,-2.0677414,229,484,0.00013161252995934252,-8.935648331148466,0,1.4631332347391062e-49,3838.157793129688,54,1,0,615,311.3,158.0253499626052,-6.752842409627865
0,1565,4/6/2015 5:48,4/6/2015 6:00,558.0,25,-34.0,11.0,-6.2,397,458,70,63,53,0,0,0.135335283,-2.000000002,-1.4128939,229,484,0.016666168496139357,-4.094374452900461,0,3.9128370187259784e-50,3528.9923010087714,32,2,0,409,492.8,-80.6835970259304,-1.7603685313798607
0,1730,8/21/2015 10:24,8/21/2015 10:12,350.0,39,-7.0,-33.0,15.2,628,764,131,72,73,0,0,0.135335283,-2.000000002,-1.6984706,229,484,0.015921609932274285,-4.140077977279691,0,7.798807497374843e-54,2050.276604069211,27,0,0,0,461.8,-62.52833007683092,-1.057272055759091
0,2162,1/17/2017 21:49,1/17/2017 21:49,723.0,11,160.0,11.0,-15.2,224,0,281,288,30,0,0,0.135335283,-2.000000002,-1.6005858,229,484,0.022406267428405215,-3.798414563345772,0,6.160517825669127e-29,4759.804867620787,12,0,0,0,314.8,87.24674869282799,-2.0584086418251712
0,1398,11/21/2014 2:48,11/21/2014 2:48,350.0,25,-58.0,53.0,-20.7,133,0,27,37,75,0,0,0.135335283,-2.000000002,-1.4715693,229,484,0.002176907819051842,-6.12984984073516,0,7.798807497374843e-54,2050.276604069211,42,0,0,0,385.0,-106.15068729525701,-3.047043919214559
0,749,10/22/2013 4:36,10/22/2013 4:24,782.0,48,-6.0,49.0,12.2,738,697,34,10,118,0,0,0.135335283,-2.000000002,-2.2654352,229,484,0.035429467722937216,-3.3402113835611806,0,7.42770922961092e-23,5209.570407106434,31,0,0,0,320.3,-81.87194268261909,-1.8126054620405803
0,2083,9/22/2016 18:00,9/22/2016 18:36,414.0,18,-62.0,-21.0,11.6,532,541,113,117,36,0,0,0.135335283,-2.000000002,-1.2241333,229,484,0.0020148411813645066,-6.2072149048711935,0,1.6946539739591306e-52,2494.70851316368,19,1,0,398,449.5,-111.38260016910402,-3.3548089833505927
0,1920,2/27/2016 5:48,2/27/2016 5:48,553.0,21,-131.0,12.0,-8.9,324,83,91,81,26,0,0,0.135335283,-2.000000002,-1.6010747,229,484,6.485002934303712e-05,-9.64343319472641,0,3.322060992481812e-50,3492.3929748418514,27,1,0,597,386.2,164.2062667997634,-7.291427273205809
0,543,1/13/2013 7:24,1/13/2013 8:48,447.0,31,12.0,3.0,4.8,714,756,282,296,128,0,0,0.135335283,-2.000000002,-1.7818334,229,484,0.036606559891052395,-3.307527822638985,0,6.88156093911032e-52,2727.8436917922654,14,0,0,0,395.2,-46.0691131924176,-0.5739219011183844
0,672,8/7/2013 18:36,8/7/2013 18:24,644.0,37,14.0,-21.0,2.4,484,473,174,187,86,0,0,0.135335283,-2.000000002,-2.1073337,229,484,0.07223976392015168,-2.6277646378722177,0,5.288670491606505e-49,4165.197979611204,25,0,0,514,399.7,-47.23579715711678,-0.6033587163516174
0,2259,7/12/2017 14:00,7/12/2017 13:36,377.0,30,30.0,9.0,10.6,502,499,268,279,61,0,0,0.135335283,-2.000000002,-2.0557346,229,484,0.04456342151279987,-3.110841901912319,0,3.051489100079053e-53,2236.4564356679,14,1,0,588,461.8,-21.52028474459792,-0.1252359803917182
0,2267,7/20/2017 18:24,7/20/2017 18:12,620.0,28,121.0,2.0,7,693,653,265,274,0,0,0,0.135335283,-2.000000002,-1.8409511,229,484,0.030898937324672072,-3.4770334864571257,0,2.6540707663474213e-49,3986.4260763842653,16,1,0,373,459.0,71.07959999279167,-1.366227564936525
0,1534,3/10/2015 0:00,3/10/2015 0:00,1200.0,34,-50.0,-6.0,-10.2,904,966,360,107,27,1,0,0.135335283,-2.000000002,-2.0657542,229,484,0.043701637406869824,-3.1303697083177924,132600.00000000015,1.6917325140792547e-14,8508.09220293131,45,0,0,0,400.0,-107.19967762813476,-3.107563786797192
0,723,10/2/2013 21:09,10/2/2013 20:36,530.0,45,102.0,35.0,2.7,658,636,309,288,60,0,0,0.135335283,-2.000000002,-2.2576652,229,484,0.026402665447001757,-3.6342903100247965,115199.9999999996,1.533866226284771e-50,3324.624813469469,24,0,0,0,559.0,66.60100050816442,-1.1994843885041961
0,996,3/13/2014 22:54,3/13/2014 22:12,383.0,35,139.0,31.0,-7.2,265,0,312,332,112,0,0,0.135335283,-2.000000002,-2.7772262,229,484,0.005387772387527666,-5.223623265660474,0,4.0759258543124862e-53,2278.0974008561875,51,0,0,365,484.0,91.41151425629735,-2.259617344139874
0,2196,4/3/2017 1:48,4/3/2017 1:36,298.0,19,61.0,13.0,-22.2,192,0,291,295,100,0,0,0.135335283,-2.000000002,-1.7732108,229,484,0.03582029060632346,-3.329240769419794,0,4.0198619809138915e-55,1697.7338589786107,11,1,0,538,425.5,14.800353628586626,-0.05923484789919343
0,1637,5/30/2015 13:25,5/30/2015 12:48,190.0,24,-12.0,59.0,-0.1,256,256,7,10,31,0,0,0.135335283,-2.000000002,-1.9765029,229,484,0.004579554858072219,-5.386153478140197,0,8.733810749116665e-59,996.9345737104924,35,0,0,0,394.2,-79.92328361860059,-1.727347556619597
0,2002,5/29/2016 3:36,5/29/2016 3:24,189.0,32,-90.0,19.0,-2.9,125,0,73,70,33,0,0,0.135335283,-2.000000002,-1.7611985,229,484,0.00017161504997690994,-8.67025667092802,0,7.898519862556512e-59,990.6901858462725,25,1,0,280,461.8,-136.0846503883103,-5.007850749407421
0,1081,4/25/2014 0:48,4/25/2014 0:48,521.0,50,113.0,-14.0,-9.1,345,318,294,269,57,0,0,0.135335283,-2.000000002,-2.0244086,229,484,0.02884909524051121,-3.5456766473339587,0,1.123084648565076e-50,3259.245771753504,56,0,0,290,451.7,63.15207632420171,-1.0784707258133581
0,1663,6/20/2015 8:00,6/20/2015 7:36,303.0,23,-6.0,-16.0,-6.4,365,305,120,103,64,0,0,0.135335283,-2.000000002,-2.899735,229,484,0.00605651961204248,-5.106619965331784,0,5.468043532079666e-55,1731.2610400693388,32,0,0,152,299.5,-82.81523249990762,-1.854614043811183
0,1611,5/3/2015 16:12,5/3/2015 16:24,448.0,25,-96.0,45.0,-6.5,587,523,46,51,44,0,0,0.135335283,-2.000000002,-1.6683917,229,484,0.000682515318291732,-7.289725586773541,0,7.16810076437005e-52,2734.9473681219133,51,1,0,817,388.5,-129.8531606165417,-4.55971966525294
0,1530,3/6/2015 4:49,3/6/2015 4:38,900.0,47,-108.0,-4.0,26.3,1103,965,95,116,35,0,0,0.135335283,-2.000000002,-1.4844584,229,484,0.0004667231204824462,-7.669774365883227,0,5.5851173273063e-18,6122.15528699188,46,1,0,585,476.0,-155.8353275327934,-6.566968444362627
0,1458,1/13/2015 15:24,1/13/2015 15:24,600.0,45,135.0,26.0,-11.5,341,248,306,300,101,0,0,0.135335283,-2.000000002,-2.1307497,229,484,0.017577358252099117,-4.041143668090783,0,1.4631332347391062e-49,3838.157793129688,34,1,0,880,433.2,82.89832921607368,-1.8583377465701825
0,1026,3/28/2014 11:08,3/28/2014 12:12,358.0,25,-96.0,30.0,-1.6,248,205,65,68,122,0,0,0.135335283,-2.000000002,-1.7507019,229,484,0.0002624014714330231,-8.2456348933147,0,1.1813145310199149e-53,2105.2308091314508,50,0,0,0,424.8,-138.5591712507497,-5.1916289717941
0,1779,10/8/2015 0:12,10/8/2015 0:12,400.0,13,-6.0,-6.0,3.8,459,501,297,268,37,0,0,0.135335283,-2.000000002,-1.4262906,229,484,0.03797739799462191,-3.270764085828479,0,9.030411862098435e-53,2396.5858188431926,28,0,0,550,752.3,-36.88779326024445,-0.36795816430787887
0,272,2/16/2012 6:54,2/16/2012 6:36,520.0,46,155.0,25.0,1.6,554,557,360,288,48,1,0,0.135335283,-2.000000002,-2.0670302,229,484,0.0069340064815269645,-4.9713174969740015,0,1.0844869277536546e-50,3251.990982019246,14,0,0,0,393.8,96.16076021967942,-2.5005115754534013
0,1440,12/30/2014 13:25,12/30/2014 13:36,341.0,42,75.0,53.0,-0.1,134,126,287,295,88,0,0,0.135335283,-2.000000002,-2.196165,229,484,0.015392365497430532,-4.173883639405781,0,4.830376696175875e-54,1988.6719247536794,27,1,0,500,655.8,62.56988253736295,-1.0586777178851805
0,973,2/24/2014 13:25,2/24/2014 13:36,319.0,15,-75.0,-21.0,-2.4,247,148,118,106,153,0,0,0.135335283,-2.000000002,-1.2305512,229,484,0.000767657580169135,-7.172166783396121,0,1.4140352860870533e-54,1839.0959617883655,76,1,0,612,469.7,-121.28379804085819,-3.9777608618755207
0,1735,8/24/2015 22:12,8/24/2015 21:56,500.0,14,123.0,13.0,11.8,743,704,283,295,81,0,0,0.135335283,-2.000000002,-1.8586243,229,484,0.021953291350350918,-3.8188382030777905,0,5.3095603255963777e-51,3107.304049211096,28,0,0,278,417.5,68.69328480425499,-1.27603228155719
0,477,10/8/2012 23:24,10/9/2012 0:48,630.0,25,-88.0,-10.0,0.9,702,699,109,122,49,0,0,0.135335283,-2.000000002,-1.9306653,229,484,0.00037135140212631517,-7.898361768101916,0,3.5487673883171655e-49,4060.8034862129143,24,0,0,516,381.2,-146.74981949105663,-5.823555846581315
0,1715,8/5/2015 7:36,8/5/2015 8:36,505.0,14,2.0,36.0,10.1,509,524,342,358,94,0,0,0.135335283,-2.000000002,-2.1410193,229,484,0.026724627343197985,-3.6221697662955457,0,6.36455319212596e-51,3143.402006784057,40,0,0,314,389.8,-63.702837440554774,-1.0973638447749452
0,1148,5/27/2014 15:09,5/27/2014 14:48,350.0,20,-133.0,20.0,-3.5,371,319,75,55,78,0,0,0.135335283,-2.000000002,-0.7090039,229,484,0.0001232908617870968,-9.000964264189378,0,7.798807497374843e-54,2050.276604069211,65,0,0,837,315.7,147.93697830897162,-5.918158342668777
0,2025,6/25/2016 3:12,6/25/2016 2:48,550.0,45,-95.0,25.0,-0.3,535,537,82,67,0,0,0,0.135335283,-2.000000002,-1.2509131,229,484,0.0006327693200104504,-7.365404625602646,0,3.009146696614012e-50,3470.455053024584,27,0,0,0,482.0,-136.01327143957462,-5.002598704082046
0,2257,7/11/2017 21:17,7/11/2017 20:57,588.0,15,-41.0,-1.0,-8.1,321,276,87,94,38,0,0,0.135335283,-2.000000002,-1.3535004,229,484,0.015438929356432719,-4.170863078989742,0,1.0136370903083785e-49,3749.5154453643927,14,0,0,0,523.2,-84.80614227944156,-1.9448571574691416
0,1905,2/8/2016 5:36,2/8/2016 5:12,428.0,12,38.0,-23.0,7.9,371,457,242,239,89,0,0,0.135335283,-2.000000002,-1.7365854,229,484,0.04996641906468693,-2.9964041178971295,0,3.1126832448457442e-52,2593.304727709009,31,1,0,393,439.3,-26.81202212069063,-0.1943981963765289
0,761,10/26/2013 20:09,10/26/2013 19:12,820.0,46,-70.0,7.0,2,841,833,74,82,132,0,0,0.135335283,-2.000000002,-3.6036377,229,484,0.0006882850759218207,-7.281307451314536,0,1.081093162744836e-20,5501.629559011804,39,1,0,950,292.8,-147.59090302988858,-5.890501529793935
0,584,4/5/2013 7:54,4/5/2013 6:36,520.0,55,-125.0,1.0,4.9,659,627,95,76,114,0,0,0.135335283,-2.000000002,-0.4357252,229,484,0.00019745483385422903,-8.530000689122168,0,1.0844869277536546e-50,3251.990982019246,8,0,0,0,268.7,149.68935249572897,-6.059194767601569
0,1277,8/26/2014 9:48,8/26/2014 9:48,670.0,22,126.0,34.0,-25.4,268,0,319,307,86,0,0,0.135335283,-2.000000002,-1.3195632,229,484,0.06469817804021881,-2.7380222379920514,0,2.926720121434819e-43,4359.876067297958,38,1,0,800,285.5,54.63593998744257,-0.807216316471451
0,879,1/16/2014 14:24,1/16/2014 13:48,275.0,15,-90.0,-29.0,12.5,407,619,126,116,80,0,0,0.135335283,-2.000000002,-2.1988754,229,484,0.00021363001773053937,-8.451264928305648,0,9.072521059792295e-56,1544.6120518583073,36,1,0,443,400.8,-137.3102378087341,-5.098459006785048
0,1933,3/14/2016 18:12,3/14/2016 17:24,544.0,19,-90.0,-19.0,11,608,606,116,114,70,0,0,0.135335283,-2.000000002,-0.8015251,229,484,0.0007802902953901661,-7.155844533942908,0,2.464884802680643e-50,3426.6283902896325,22,0,0,579,498.5,-132.83365533153747,-4.771438612422307
0,239,12/25/2011 1:24,12/25/2011 1:25,480.0,30,0.0,35.0,-11.5,472,450,329,355,97,0,0,0.135335283,-2.000000002,-2.308788,229,484,0.02046210182612163,-3.8891807951854283,0,2.5234663000416664e-51,2963.4173298729297,36,0,0,600,360.3,-68.6486582739425,-1.2743748736648282
0,2009,6/3/2016 4:12,6/3/2016 3:47,340.0,16,-6.0,-47.0,-2.4,372,350,145,143,0,0,0,0.135335283,-2.000000002,-2.876317,229,484,0.006467614358462688,-5.040947962040672,0,4.5763000396200696e-54,1981.8415099874705,26,0,0,386,303.0,-84.30943758466915,-1.9221420405200715
0,2208,4/10/2017 12:39,4/10/2017 13:25,433.0,24,-173.0,14.0,5.7,190,395,25,47,14,0,0,0.135335283,-2.000000002,-1.4044671,229,484,0.0006141837136650737,-7.395216466647323,0,3.848586737693397e-52,2628.629436225078,22,0,0,278,417.5,130.58428923832537,-4.611210545126722
0,1331,10/3/2014 4:17,10/3/2014 4:22,254.0,14,-50.0,13.0,-15.3,636,690,71,89,117,0,0,0.135335283,-2.000000002,-2.5851119,229,484,0.0009126194618816809,-6.999191563945918,0,2.0689304024952554e-56,1406.4829038227083,42,1,0,480,349.3,-114.91198939052802,-3.5707856424253177
0,1816,11/5/2015 20:12,11/5/2015 20:48,379.0,30,-96.0,-28.0,-6,270,230,119,118,82,0,0,0.135335283,-2.000000002,-1.298254,229,484,0.00047011677146635377,-7.66252944419033,0,3.362359461213019e-53,2250.3262217262395,38,1,0,422,535.8,-131.6126467587088,-4.684123522669729
0,1822,11/15/2015 23:36,11/15/2015 23:24,692.0,28,27.0,-27.0,-2.9,462,468,226,216,56,0,0,0.135335283,-2.000000002,-1.9346542,229,484,0.09958439413420321,-2.3067498120675904,0,2.6526082441895965e-35,4525.393481287427,32,1,0,451,387.5,-41.0258711941961,-0.45514389054699006
0,762,10/27/2013 3:48,10/27/2013 3:48,562.0,33,67.0,12.0,-5.1,357,321,286,275,148,0,0,0.135335283,-2.000000002,-1.6050808,229,484,0.09143765782435491,-2.39209787416796,0,4.455488507110221e-50,3558.3040396402544,40,1,0,950,293.0,-16.373003416903586,-0.07249195264735979
0,873,1/13/2014 22:24,1/13/2014 22:24,291.0,25,137.0,49.0,0.3,333,338,312,316,117,0,0,0.135335283,-2.000000002,-2.9948554,229,484,0.002735940693177947,-5.90127995592682,0,2.5891177404968296e-55,1650.9370707469045,33,1,0,597,664.5,98.16955627501939,-2.606074034406219
0,1867,1/3/2016 7:12,1/3/2016 4:24,598.0,18,53.0,-25.0,25.1,709,806,262,264,51,0,0,0.135335283,-2.000000002,-1.5657196,229,484,0.09441961348159084,-2.360006457479759,0,1.3770270570732e-49,3823.3672708624777,31,0,0,0,449.2,25.073132671785714,-0.17000053595915854
0,1697,7/19/2015 5:24,7/19/2015 5:24,483.0,26,70.0,-28.0,0.3,326,332,237,246,44,0,0,0.135335283,-2.000000002,-1.3231184,229,484,0.05947754830875882,-2.8221563769895504,0,2.826971706140026e-51,2984.9480437141924,36,2,0,331,305.7,-28.402823527321658,-0.2181504554689499
0,1600,4/28/2015 14:29,4/28/2015 14:08,601.0,36,-59.0,26.0,14.7,839,753,81,51,41,0,0,0.135335283,-2.000000002,-2.6797194,229,484,0.0015651957124272586,-6.4597444069447905,0,1.508069128762649e-49,3845.5555556556596,45,1,0,550,320.0,-125.81506793345005,-4.28053848542419
0,2281,8/31/2017 5:24,8/31/2017 5:12,333.0,11,80.0,4.0,-1.8,225,126,286,271,73,0,0,0.135335283,-2.000000002,-1.8005404,229,484,0.03128088425165608,-3.4647480947897487,0,3.120460061459826e-54,1934.1114491634878,10,1,0,327,500.8,34.43986870981523,-0.3207421732691482
0,985,3/7/2014 12:24,3/7/2014 12:12,800.0,25,150.0,25.0,-5,370,362,307,303,134,0,0,0.135335283,-2.000000002,-2.3446465,229,484,0.020883842062724034,-3.868779526059438,0,1.0018285940087801e-21,5347.689382134342,57,0,0,0,415.0,94.32544932087322,-2.4059736045388376
0,132,9/13/2011 12:48,9/13/2011 12:36,680.0,45,96.0,49.0,7.9,816,806,310,309,145,0,0,0.135335283,-2.000000002,-2.4041305,229,484,0.0418310107159462,-3.174117331354095,0,4.23827716476724e-39,4435.023102755703,16,0,0,0,580.5,68.78149164974734,-1.2793114098334946
0,1628,5/16/2015 0:36,5/16/2015 0:12,600.0,35,-72.0,50.0,10.7,771,676,42,40,103,0,0,0.135335283,-2.000000002,-1.7535696,229,484,0.004593554240712695,-5.383101210177765,0,1.4631332347391062e-49,3838.157793129688,48,0,0,0,476.8,-108.78737048690071,-3.200295288657165
0,1213,7/2/2014 14:24,7/2/2014 13:36,440.0,25,-55.0,-17.0,-3.3,329,259,116,119,145,0,0,0.135335283,-2.000000002,-2.9728448,229,484,0.0007429634948255969,-7.204863646585978,0,5.158468420020876e-52,2678.180879841415,53,0,0,600,304.3,-128.22449636201253,-4.446057725065377
0,1567,4/8/2015 21:12,4/8/2015 22:12,229.0,9,-6.0,34.0,15.8,190,624,339,344,43,0,0,0.135335283,-2.000000002,-2.3778155,229,484,0.005900440906931661,-5.132728200874193,0,2.9775489605690255e-57,1244.3223388139209,33,0,0,0,334.2,-77.26424651188663,-1.6143222793535923
0,1446,1/6/2015 18:24,1/6/2015 18:12,532.0,12,39.0,9.0,5.3,392,447,281,287,89,0,0,0.135335283,-2.000000002,-1.9649372,229,484,0.0844402607895754,-2.4717109675466324,0,1.6426819593192764e-50,3339.174336329755,28,0,0,0,476.5,-12.77107905402934,-0.044105046026032164
0,1652,6/14/2015 13:36,6/14/2015 13:25,200.0,34,-6.0,-69.0,4.7,228,381,195,214,90,0,0,0.135335283,-2.000000002,-1.8882769,229,484,0.005705415752478384,-5.166339423217596,0,2.3149185976554338e-58,1059.6634733096073,24,1,0,760,574.8,-75.55122030302017,-1.543533501696995
0,329,4/19/2012 6:54,4/19/2012 7:00,360.0,20,21.0,-20.0,4.1,348,385,197,199,148,0,0,0.135335283,-2.000000002,-2.3603363,229,484,0.0261100893750626,-3.64543347325656,0,1.3085773045480118e-53,2118.997451322056,36,0,0,890,355.2,-47.05023577326237,-0.5986275517359595
0,5,8/1/2010 2:42,8/1/2010 0:30,760.0,48,-22.0,7.0,-15,100,0,90,94,24,0,0,0.135335283,-2.000000002,-1.2922623,229,484,0.05926584567046269,-2.82572209724576,0,1.3667495945921682e-24,5041.322009293087,1,0,0,0,509.8,-67.13830514565913,-1.2189161757251594
0,1111,5/10/2014 4:36,5/10/2014 4:36,1100.0,64,142.0,5.0,-29.9,914,934,360,255,123,1,0,0.135335283,-2.000000002,-1.2896214,229,484,0.11341238783209184,-2.176724653512852,3822000.0,3.779620696418759e-15,7703.372004665108,55,1,0,520,378.3,81.44882731450065,-1.7939187319922516
0,960,2/18/2014 1:25,2/18/2014 1:36,851.0,63,-49.0,-28.0,-11.3,674,712,360,44,127,1,0,0.135335283,-2.000000002,-1.6841824,229,484,0.009649530000937778,-4.6408460693833815,38500.00000000004,1.994177407286638e-19,5741.196721415941,77,1,0,440,349.8,-111.49594282661843,-3.3616401478627815
0,650,7/16/2013 4:09,7/16/2013 4:00,900.0,20,-12.0,-15.0,6.5,655,639,136,148,77,0,0,0.135335283,-2.000000002,-1.9947217,229,484,0.07278410169505233,-2.6202577309383246,0,5.5851173273063e-18,6122.15528699188,22,0,0,391,367.5,-74.91019150440576,-1.5174518094177243
0,1194,6/20/2014 9:54,6/20/2014 8:24,400.0,25,-91.0,39.0,6.7,490,444,47,49,80,0,0,0.135335283,-2.000000002,-1.7824364,229,484,0.0006162277548256977,-7.391893930904836,0,9.030411862098435e-53,2396.5858188431926,56,0,0,530,434.0,-128.84349986981456,-4.489088009384236
0,423,7/27/2012 4:13,7/27/2012 3:44,323.0,32,145.0,18.0,1.6,228,241,290,299,110,0,0,0.135335283,-2.000000002,-1.8035136,229,484,0.007528736175496282,-4.889028089836317,0,1.779311201083967e-54,1866.181700400918,35,0,0,0,347.0,79.49820110185838,-1.709022168315716
0,1290,9/3/2014 15:48,9/3/2014 16:00,416.0,22,-78.0,9.0,3.4,215,324,98,98,102,0,0,0.135335283,-2.000000002,-2.1113052,229,484,0.00037574218924727755,-7.886607316646972,0,1.8507955363673675e-52,2508.7650682686854,37,1,0,650,386.5,-136.53974644467934,-5.041401395126372
0,1276,8/26/2014 3:12,8/26/2014 2:00,460.0,17,66.0,45.0,-13.6,306,35,299,295,86,0,0,0.135335283,-2.000000002,-2.2621462,229,484,0.03598016517982041,-3.3247874595914553,0,1.1612158801623699e-51,2820.3641851622447,37,1,0,800,264.5,-48.57217030137752,-0.6379815380708546
0,1373,11/2/2014 21:36,11/2/2014 21:24,151.0,45,-109.0,49.0,-17.2,178,0,90,54,98,0,0,0.135335283,-2.000000002,-2.0389948,229,484,0.00027341534039944756,-8.204518525521204,0,1.0468135033708822e-60,757.6092553590536,40,0,0,548,462.5,-127.63559852013947,-4.405312604000603
0,1103,5/7/2014 9:36,5/7/2014 9:36,320.0,21,98.0,-15.0,1.2,400,396,253,257,120,0,0,0.135335283,-2.000000002,-1.4743668,229,484,0.030789582057317685,-3.4805788911125974,0,1.498061491438007e-54,1845.862718654007,54,0,0,570,334.3,32.735003307640056,-0.28977296959199716
0,313,4/8/2012 2:30,4/8/2012 1:25,760.0,45,93.0,-28.0,-5.8,548,584,266,233,25,0,0,0.135335283,-2.000000002,-1.1525755,229,484,0.13014821328549503,-2.039081375753389,0,1.3667495945921682e-24,5041.322009293087,25,2,0,907,362.6,39.98192878980267,-0.43227545423278846
0,1583,4/18/2015 16:12,4/18/2015 15:12,165.0,19,46.0,22.0,11.1,510,610,360,333,140,1,0,0.135335283,-2.000000002,-1.8339685,229,484,0.020637960148233526,-3.8806231732802297,0,5.843274045526853e-60,842.4810031935957,38,0,0,921,519.8,22.07850078712566,-0.13181725175962908
0,1304,9/15/2014 6:00,9/15/2014 5:48,450.0,30,100.0,0.0,5.2,383,470,262,274,94,0,0,0.135335283,-2.000000002,-1.7714009,229,484,0.03438980757711697,-3.3699950498686215,0,7.775305452434752e-52,2749.1614122439646,38,0,0,0,448.7,48.92142063177419,-0.6471891283480209
0,267,2/4/2012 19:18,2/4/2012 18:12,780.0,30,-123.0,-30.0,5.8,717,706,122,132,38,0,0,0.135335283,-2.000000002,-2.2244644,229,484,0.0005057902264144397,-7.589388546939143,0,5.382666260107921e-23,5194.249257353237,17,0,0,0,440.3,-149.63237132652068,-6.054582625418543
0,2037,7/12/2016 2:00,7/12/2016 1:48,479.0,20,-65.0,33.0,9.5,488,609,52,60,59,0,0,0.135335283,-2.000000002,-1.336623,229,484,0.0033574274070525476,-5.696580250931658,0,2.4293290175549538e-51,2956.244586159828,24,0,0,0,509.0,-106.69155857031093,-3.078174329411057
0,871,1/13/2014 8:12,1/13/2014 7:48,450.0,24,-38.0,30.0,9.5,564,555,42,35,117,0,0,0.135335283,-2.000000002,-1.072799,229,484,0.01780709177545253,-4.028158486678755,0,7.775305452434752e-52,2749.1614122439646,36,0,0,0,815.0,-69.47800936954697,-1.3053525651581548
0,1762,9/20/2015 10:00,9/20/2015 10:00,540.0,10,-90.0,-17.0,-14.9,289,0,105,106,65,0,0,0.135335283,-2.000000002,-0.8533294,229,484,0.0008612067101420794,-7.057176000885657,0,2.1552190240684773e-50,3397.447335361493,32,0,0,0,525.8,-131.25034306047348,-4.658370079365056
0,1306,9/17/2014 15:25,9/17/2014 15:13,225.0,30,-90.0,-12.0,8.3,243,484,104,103,123,0,0,0.135335283,-2.000000002,-2.259904,229,484,7.150064018880173e-05,-9.545804154614862,0,2.1385094252459645e-57,1218.6225904959945,39,0,0,0,373.7,-149.11762962836613,-6.012998233094261
0,464,9/21/2012 6:12,9/21/2012 5:48,1040.0,28,150.0,12.0,-26.7,476,369,263,252,84,0,0,0.135335283,-2.000000002,-2.2397828,229,484,0.03959335978108539,-3.2290938570777734,0,1.0519357481722849e-15,7224.855031820835,17,0,0,2319,447.8,98.62456481876322,-2.630287935557173
0,1335,10/6/2014 20:00,10/6/2014 20:00,160.0,30,95.0,-7.0,-1.5,131,0,268,266,68,0,0,0.135335283,-2.000000002,-1.7336154,229,484,0.01584368181949696,-4.144984481505851,0,3.223184115079839e-60,812.0278104374122,40,2,0,365,394.0,37.39658159278009,-0.3781785599852511
0,1208,6/30/2014 18:48,6/30/2014 18:36,437.0,19,82.0,6.0,1.8,286,318,261,262,132,0,0,0.135335283,-2.000000002,-1.5070742,229,484,0.05807985472961465,-2.8459364096805935,0,4.552537292547058e-52,2656.930806256773,51,1,0,675,345.8,16.800897155082353,-0.07633048815999305
0,1825,11/25/2015 1:25,11/25/2015 0:00,251.0,18,-6.0,-31.0,0.4,238,247,237,242,61,0,0,0.135335283,-2.000000002,-2.8809085,229,484,0.003829305243390034,-5.565071890836977,0,1.6575955185960795e-56,1386.8886877220777,27,0,0,0,278.0,-88.66483155418479,-2.125865969316377
0,1196,6/21/2014 5:36,6/21/2014 5:12,420.0,34,7.0,30.0,1.2,423,439,322,323,93,0,0,0.135335283,-2.000000002,-2.0951328,229,484,0.028267599283976395,-3.5660390318597632,0,2.2047052630760415e-52,2536.906978736514,58,0,0,400,441.8,-52.142996097599,-0.7352331103391629
0,1015,3/22/2014 7:09,3/22/2014 6:48,247.0,30,81.0,-1.0,10.6,513,535,257,279,146,0,0,0.135335283,-2.000000002,-1.7842574,229,484,0.026335718688701684,-3.636829136170374,0,1.2280293539947304e-56,1360.8189191471104,50,0,0,470,416.8,26.029972104765363,-0.18322321464977365
0,1424,12/14/2014 19:48,12/14/2014 19:48,387.0,38,-54.0,-15.0,-6.8,580,535,126,118,162,0,0,0.135335283,-2.000000002,-1.3487446,229,484,0.002331210093278034,-6.061367792883584,0,4.930770449489867e-53,2305.9103562025257,30,0,0,400,425.2,-107.2720625340089,-3.111761871362984
0,1203,6/26/2014 22:00,6/26/2014 21:48,410.0,30,-91.0,52.0,6.8,615,564,41,37,67,0,0,0.135335283,-2.000000002,-2.2076812,229,484,0.0008454288384343844,-7.075666558236453,0,1.418907417061145e-52,2466.6244354763253,54,0,0,444,343.0,-124.75723079074504,-4.208860636715852
0,1259,8/11/2014 0:00,8/11/2014 0:00,299.0,12,131.0,-43.0,-21.9,628,575,238,245,69,0,0,0.135335283,-2.000000002,-1.878845,229,484,0.006947843208848105,-4.969323997229793,0,4.276827406381736e-55,1704.4326284438155,32,0,0,225,412.0,79.35610275191566,-1.702918075709193
0,1782,10/13/2015 0:00,10/13/2015 1:25,170.0,17,-6.0,-12.0,-18.2,275,0,101,113,65,0,0,0.135335283,-2.000000002,-1.7743117,229,484,0.01235692617269852,-4.393538549410705,0,1.038803317180841e-59,873.0857342985446,27,1,0,150,540.5,-49.50540635059575,-0.6627326278901043
0,1976,4/27/2016 5:00,4/27/2016 5:00,485.0,24,-102.0,55.0,-4.8,346,310,50,37,76,0,0,0.135335283,-2.000000002,-1.9917994,229,484,0.001389653482147867,-6.5787008563371066,0,3.048112166114365e-51,2999.3122121046795,32,0,0,379,431.7,-121.3468065873653,-3.9818949348165065
0,1900,2/3/2016 10:24,2/3/2016 8:48,460.0,33,122.0,-32.0,1,291,307,236,233,83,0,0,0.135335283,-2.000000002,-1.5312078,229,484,0.02242678894309687,-3.7974990997220197,0,1.1612158801623699e-51,2820.3641851622447,31,0,0,0,363.7,64.08855883064346,-1.1106931782014193
0,1913,2/17/2016 6:24,2/17/2016 6:24,680.0,21,151.0,-30.0,-2.2,409,396,221,217,38,0,0,0.135335283,-2.000000002,-2.6955328,229,484,0.0061853782310759475,-5.085567122044486,0,4.23827716476724e-39,4435.023102755703,27,0,0,285,582.3,108.62520388720716,-3.1907612005238852
0,2116,10/30/2016 23:48,10/30/2016 23:36,336.0,27,133.0,14.0,-0.6,256,238,282,302,13,0,0,0.135335283,-2.000000002,-2.742132,229,484,0.004753534283020182,-5.348866878027489,0,3.6806783490624657e-54,1954.5493497476366,26,0,0,183,539.7,90.51803255242834,-2.215660956506889
0,1549,3/23/2015 18:48,3/23/2015 18:12,320.0,22,-6.0,-60.0,6.3,334,412,159,147,99,0,0,0.135335283,-2.000000002,-1.8308448,229,484,0.010970472171601988,-4.512547963542705,0,1.498061491438007e-54,1845.862718654007,46,0,0,236,564.3,-69.91281764739384,-1.3217420420221047
0,1256,8/8/2014 17:24,8/8/2014 16:36,780.0,44,177.0,-18.0,-28.9,1050,908,360,192,89,1,0,0.135335283,-2.000000002,-2.1894817,229,484,0.0067864510725401525,-4.99282714377996,0,5.382666260107921e-23,5194.249257353237,35,0,0,0,365.8,113.08298934815576,-3.458021222259359
0,1395,11/16/2014 2:00,11/16/2014 1:48,240.0,22,-98.0,47.0,-9.7,188,0,45,42,103,0,0,0.135335283,-2.000000002,-1.2524166,229,484,0.0006826987311987938,-7.289456892046536,0,7.173930136095241e-57,1315.353341602078,46,1,0,180,623.2,-118.70883408156661,-3.8106509705259355
0,35,12/12/2010 7:00,12/12/2010 6:00,400.0,21,-24.0,44.0,6.1,531,494,93,113,27,0,0,0.135335283,-2.000000002,-2.5208876,229,484,0.005110488403229933,-5.2764603014023095,0,9.030411862098435e-53,2396.5858188431926,5,1,0,750,322.2,-93.68977477186377,-2.3736543798817094
0,1898,2/1/2016 6:48,2/1/2016 5:48,475.0,25,60.0,25.0,9.6,371,531,291,289,44,0,0,0.135335283,-2.000000002,-2.0194695,229,484,0.05697831214743146,-2.86508457219331,0,2.084915046543759e-51,2927.574531916455,31,0,0,0,302.3,-29.308129421504887,-0.23227865067270967
0,1192,6/18/2014 7:48,6/18/2014 7:48,566.0,20,114.0,-32.0,-15.5,365,107,234,236,120,0,0,0.135335283,-2.000000002,-1.6983268,229,484,0.032820919089372305,-3.4166891897704215,0,5.068659708022624e-50,3587.644248263002,60,1,0,1000,416.8,64.11134943196748,-1.1114832682498208
0,1973,4/25/2016 5:12,4/25/2016 5:12,695.0,45,-165.0,5.0,-19.3,380,144,360,78,45,1,0,0.135335283,-2.000000002,-1.8433542,229,484,0.0003861981545924297,-7.859159966354063,0,1.6689024288700724e-34,4548.0187326675305,29,1,0,276,504.3,149.18402480759843,-6.018354044833463
0,1917,2/21/2016 12:09,2/21/2016 12:00,653.0,31,120.0,-8.0,-1.7,517,510,360,298,47,1,0,0.135335283,-2.000000002,-0.7789232,229,484,0.06587591002627136,-2.7199824577754774,0,6.803524278096565e-49,4232.469865417509,29,0,0,925,334.3,51.885038605271696,-0.7279765362548768
0,1704,7/23/2015 12:00,7/23/2015 11:48,260.0,14,-33.0,-75.0,-73.4,75,0,129,122,29,0,0,0.135335283,-2.000000002,-2.293456,229,484,0.004102167317740954,-5.496239830855922,0,3.196857334854223e-56,1445.7772240640372,39,0,0,322,469.0,-87.90180087303115,-2.089433909335322
0,82,5/29/2011 11:30,5/29/2011 10:36,850.0,38,-55.0,-5.0,5.8,724,685,119,116,98,0,0,0.135335283,-2.000000002,-0.6386869,229,484,0.03601177622039068,-3.32390927678413,0,1.8366077686868821e-19,5733.450897061708,9,0,0,0,719.2,-86.8792277116028,-2.0411033552635294
0,219,12/7/2011 21:54,12/7/2011 20:57,396.0,17,-160.0,4.0,4.1,322,335,112,109,132,0,0,0.135335283,-2.000000002,-0.1860137,229,484,0.0007034871042638695,-7.259461012403898,0,7.512674133287442e-53,2368.6400276567742,39,0,0,724,313.2,126.71881993644999,-4.342255090883298
0,1054,4/10/2014 0:48,4/10/2014 0:48,440.0,28,41.0,12.0,-40.4,0,0,292,300,65,0,0,0.135335283,-2.000000002,-1.9391252,229,484,0.056804566029500465,-2.868138568642643,0,5.158468420020876e-52,2678.180879841415,64,0,0,375,400.3,-20.107514243618297,-0.10933264712204237
0,1421,12/13/2014 5:48,12/13/2014 5:48,449.0,20,-93.0,45.0,-7.3,204,121,56,45,140,0,0,0.135335283,-2.000000002,-1.3731589,229,484,0.0013789830418459812,-6.5864089776751715,0,7.46587772894265e-52,2742.053276596272,29,0,0,0,557.7,-119.47506560642519,-3.860003056154571
0,623,6/11/2013 3:48,6/11/2013 2:48,360.0,27,110.0,-10.0,3.3,685,687,260,285,16,0,0,0.135335283,-2.000000002,-1.6013193,229,484,0.024474683705775196,-3.71011601380432,0,1.3085773045480118e-53,2118.997451322056,15,0,0,0,374.3,49.52696963539356,-0.6633100922837198
0,1165,6/6/2014 12:54,6/6/2014 12:48,830.0,70,-154.0,-3.0,-36.2,560,0,82,88,119,0,0,0.135335283,-2.000000002,-0.5420532,229,484,0.0013165948605936388,-6.632706526482368,0,3.026503905002218e-20,5578.783331656234,60,0,0,794,346.2,139.7056778987476,-5.277900604961768
0,556,2/6/2013 0:36,2/6/2013 0:24,1226.0,38,-35.0,30.0,-8.2,1833,1851,4,31,43,0,0,0.135335283,-2.000000002,-2.037623,229,484,0.05896851663002833,-2.830751593940537,0,2.2830232648327223e-14,8718.71385482429,17,0,0,0,324.0,-103.58530733945294,-2.901545672419936
0,554,2/2/2013 10:24,2/2/2013 10:36,320.0,35,-100.0,0.0,-56.5,0,0,65,63,72,0,0,0.135335283,-2.000000002,-2.1797657,229,484,9.657738991478001e-05,-9.245165902995058,0,1.498061491438007e-54,1845.862718654007,18,0,0,625,461.8,-149.62962010074259,-6.054359981474459
0,1809,11/1/2015 23:36,11/1/2015 23:24,379.0,44,-121.0,-22.0,5.5,463,407,143,121,85,0,0,0.135335283,-2.000000002,-2.0893588,229,484,7.243773017694168e-05,-9.532783259275678,0,3.362359461213019e-53,2250.3262217262395,32,0,0,666,329.2,155.6858612559865,-6.554377337755079
0,2100,10/14/2016 10:12,10/14/2016 9:48,386.0,23,-109.0,-21.0,2.3,432,402,103,116,41,0,0,0.135335283,-2.000000002,-2.4254136,229,484,6.180891348586403e-05,-9.691462972738094,0,4.702462917240464e-53,2298.953224613425,26,0,0,0,359.2,-157.85459947496713,-6.738257051217494
0,163,10/16/2011 16:48,10/16/2011 19:12,537.0,25,60.0,30.0,-5.5,169,0,26,27,154,0,0,0.135335283,-2.000000002,-2.122597,229,484,0.06926123624714382,-2.6698698908003697,0,1.9474842433794123e-50,3375.5809767512606,28,0,0,0,443.3,31.02347753551475,-0.2602639692797697
0,1257,8/9/2014 3:12,8/9/2014 3:36,216.0,11,-102.0,46.0,-41.1,266,0,247,242,83,0,0,0.135335283,-2.000000002,-2.6914468,229,484,0.0002378582105122075,-8.343835815975206,0,9.917933136563538e-58,1161.0601360597798,35,0,0,780,343.7,-132.93371788110468,-4.778629894454605
0,1235,7/24/2014 9:24,7/24/2014 10:24,560.0,18,143.0,32.0,1.4,190,218,334,327,62,0,0,0.135335283,-2.000000002,-1.848315,229,484,0.016151993595273882,-4.1257117945000426,0,4.1758475269549423e-50,3543.644598888349,35,1,0,564,364.0,81.56196367350394,-1.7989058729794418
0,2180,2/23/2017 11:09,2/23/2017 11:12,675.0,20,-44.0,29.0,-12.2,356,178,45,49,24,0,0,0.135335283,-2.000000002,-1.3937128,229,484,0.015674838660624434,-4.155698485299254,0,4.849783829277232e-41,4397.431066338958,14,0,0,0,485.3,-91.07259028299052,-2.2428925637786534
0,259,1/19/2012 13:25,1/19/2012 13:25,372.0,27,23.0,48.0,2.6,512,544,273,276,105,0,0,0.135335283,-2.000000002,-2.348399,229,484,0.01859522613921309,-3.9848503903876784,0,2.388720781065073e-53,2201.8285137896105,25,0,0,520,352.0,-60.23821084552938,-0.9812444688670777
0,1683,7/12/2015 18:12,7/12/2015 18:00,545.0,28,-97.0,17.0,-7.9,339,211,80,76,71,0,0,0.135335283,-2.000000002,-0.954093,229,484,0.0007451454254907998,-7.201931156633073,0,2.548619007166893e-50,3433.928258091468,33,0,0,0,586.7,-133.5234852729883,-4.821125235112472
0,1474,1/26/2015 4:00,1/26/2015 5:00,563.0,26,-85.0,-26.0,-5.4,585,562,112,111,109,0,0,0.135335283,-2.000000002,-1.9358885,229,484,0.00046955427839018245,-7.663726657073377,0,4.601851391492433e-50,3565.636430642646,37,0,0,350,356.3,-140.6267089854348,-5.347720735552777
0,331,4/19/2012 16:54,4/19/2012 17:48,535.0,32,-60.0,-34.0,10.3,282,556,86,93,148,0,0,0.135335283,-2.000000002,-2.1058123,229,484,0.0019983715961654526,-6.215422631981875,0,1.8196589775013074e-50,3361.0127095893636,38,1,0,650,351.7,-118.52124111434959,-3.7986167104612742
0,1901,2/3/2016 16:00,2/3/2016 14:36,200.0,20,-90.0,-33.0,9.8,357,497,115,121,83,0,0,0.135335283,-2.000000002,-2.2267745,229,484,0.00018462294217892096,-8.597194963125173,0,2.3149185976554338e-58,1059.6634733096073,31,1,0,460,392.0,-135.6292397525464,-4.974389041604573
0,1177,6/12/2014 13:36,6/12/2014 13:36,370.0,14,68.0,-31.0,-6.7,462,459,238,240,197,0,0,0.135335283,-2.000000002,-1.6467953,229,484,0.0362622123394781,-3.3169790622933286,0,2.163783089632977e-53,2187.99611208616,56,0,0,292,422.8,33.648599890300794,-0.30617314077272867
0,2118,11/4/2016 8:00,11/4/2016 8:00,360.0,18,36.0,0.0,-2,105,0,263,272,25,0,0,0.135335283,-2.000000002,-1.8163598,229,484,0.04061764815103082,-3.203552623299037,0,1.3085773045480118e-53,2118.997451322056,24,0,0,0,381.5,-24.075907110151824,-0.15674670177843678
0,1880,1/12/2016 21:39,1/12/2016 21:17,332.0,45,-100.0,20.0,-5.8,231,196,79,81,40,0,0,0.135335283,-2.000000002,-1.1513562,229,484,0.0002657588966634783,-8.232921063735397,0,2.952341282605555e-54,1927.304809680274,34,0,0,580,555.5,-137.13313019073954,-5.085315142214797
0,2048,7/25/2016 1:25,7/25/2016 1:25,500.0,16,91.0,-2.0,1.3,405,410,262,266,0,0,0,0.135335283,-2.000000002,-1.6277138,229,484,0.051341276031671,-2.969260249316048,0,5.3095603255963777e-51,3107.304049211096,23,0,0,0,446.5,39.711813156635976,-0.42645432779544784
0,669,8/6/2013 2:24,8/6/2013 2:00,550.0,19,53.0,-17.0,15.1,652,749,252,252,71,0,0,0.135335283,-2.000000002,-1.4079964,229,484,0.08654146171218935,-2.4471316537319097,0,3.009146696614012e-50,3470.455053024584,22,1,0,500,476.0,17.658894578014305,-0.08432573221130964
0,1110,5/10/2014 0:00,5/10/2014 1:36,520.0,20,-109.0,13.0,27.3,883,834,83,89,123,0,0,0.135335283,-2.000000002,-2.276528,229,484,6.262139638008378e-05,-9.67840354304789,0,1.0844869277536546e-50,3251.990982019246,56,0,0,1176,379.7,-163.2595969749035,-7.207597621527291
0,1021,3/24/2014 6:24,3/24/2014 3:48,527.0,25,-37.0,38.0,11.6,565,562,35,37,137,0,0,0.135335283,-2.000000002,-1.9351265,229,484,0.010288159608043025,-4.576761597606143,0,1.3833236432723098e-50,3302.814689081298,52,1,0,568,445.5,-88.77507358580074,-2.1311556760855423
0,126,9/7/2011 20:12,9/7/2011 20:12,621.0,23,120.0,43.0,3.8,681,647,304,321,72,0,0,0.135335283,-2.000000002,-1.8554933,229,484,0.03310077685953684,-3.408198526797896,0,2.732884701433903e-49,3993.8566018806905,15,1,0,650,389.7,69.36188185390762,-1.3009926052772955
0,1098,5/5/2014 0:12,5/4/2014 23:12,422.0,49,-121.0,-4.0,5,255,410,81,82,142,0,0,0.135335283,-2.000000002,-2.757793,229,484,1.834592817013236e-05,-10.906102906172148,0,2.4047443609281006e-52,2550.992242523197,53,1,0,431,353.2,172.884567990441,-8.082496984651547
0,1681,7/10/2015 16:00,7/10/2015 14:48,116.0,34,104.0,47.0,3.5,300,292,308,327,103,0,0,0.135335283,-2.000000002,-2.1183586,229,484,0.008116648488582501,-4.813837957723847,0,5.652356650320789e-63,551.4164621683383,33,0,0,450,345.5,57.32504923573645,-0.8886320362032473
0,1568,4/9/2015 1:36,4/9/2015 0:48,305.0,19,-6.0,87.0,23.7,395,789,339,338,47,0,0,0.135335283,-2.000000002,-2.8211527,229,484,0.004568265629654172,-5.388621658219654,0,6.174999246312727e-55,1744.6950918652606,33,1,0,229,351.0,-89.03836585603479,-2.1438157366990542
0,786,11/6/2013 14:36,11/6/2013 14:24,400.0,40,-44.0,-60.0,-13.7,275,0,147,159,145,0,0,0.135335283,-2.000000002,-2.2287812,229,484,0.0036654481463919194,-5.608804673794932,0,9.030411862098435e-53,2396.5858188431926,56,0,0,0,345.2,-100.03391117971185,-2.705998752274332
0,1130,5/17/2014 9:12,5/17/2014 8:36,291.0,22,-78.0,39.0,3.8,384,391,51,54,151,0,0,0.135335283,-2.000000002,-2.4763188,229,484,0.0003709577182731899,-7.8994224687701875,0,2.5891177404968296e-55,1650.9370707469045,64,1,0,601,333.8,-130.4852205873484,-4.604216547249587
0,1496,2/14/2015 11:18,2/14/2015 8:24,460.0,25,-114.0,48.0,-3.4,373,316,29,38,53,0,0,0.135335283,-2.000000002,-1.7266793,229,484,0.0006298631429132742,-7.370007995648297,0,1.1612158801623699e-51,2820.3641851622447,34,0,0,0,313.3,131.5997008739922,-4.6832020741276965
0,906,1/28/2014 6:48,1/28/2014 7:48,720.0,19,-52.0,18.0,-13.1,333,326,57,59,77,0,0,0.135335283,-2.000000002,-2.5416806,229,484,0.0030921389916036897,-5.778892197260904,0,2.0809307565277058e-29,4737.060872647273,45,2,0,710,318.7,-122.04860936400564,-4.028086275740304
0,1140,5/23/2014 7:12,5/23/2014 6:24,537.0,16,-72.0,-18.0,-1.1,438,437,114,112,91,0,0,0.135335283,-2.000000002,-1.1991589,229,484,0.002007593187383558,-6.210818693602504,0,1.9474842433794123e-50,3375.5809767512606,61,0,0,504,475.7,-118.56173426177132,-3.8012127720819033
0,1541,3/15/2015 2:00,3/15/2015 1:48,1000.0,38,28.0,-15.0,-9,611,682,360,240,53,1,0,0.135335283,-2.000000002,-1.9071802,229,484,0.2795375842076351,-1.2746185259902105,0,3.527341651497805e-16,6907.755278982137,46,0,0,0,326.3,-44.34684894475164,-0.5318126044696105
0,509,11/18/2012 21:24,11/18/2012 20:36,496.0,35,-124.0,-32.0,3.6,505,499,109,135,132,0,0,0.135335283,-2.000000002,-1.9037085,229,484,0.00020810989969926615,-8.477444253859254,0,4.586823627341166e-51,3078.4616596555643,25,0,0,0,397.7,147.96297291210507,-5.920238332338654
0,1451,1/11/2015 23:12,1/11/2015 19:12,690.0,17,-90.0,74.0,12.3,642,595,26,19,122,0,0,0.135335283,-2.000000002,-1.5977061,229,484,0.008991458245615624,-4.711480236131622,0,7.26874859454153e-36,4510.317202338,30,1,0,250,432.8,-102.70924795475604,-2.852674314611021
0,1799,10/28/2015 10:00,10/28/2015 10:00,278.0,21,-93.0,3.0,-3.2,308,249,79,79,81,0,0,0.135335283,-2.000000002,-3.723805,229,484,2.121628854997978e-05,-10.760741343469798,0,1.109695310929493e-55,1564.478669605997,26,0,0,335,314.2,-165.63358231460228,-7.418735421949197
0,1556,3/31/2015 6:24,3/31/2015 7:00,417.0,22,-82.0,28.0,6.5,453,484,67,67,38,0,0,0.135335283,-2.000000002,-2.1921964,229,484,0.0003643831720576263,-7.917304573508607,0,1.933866358369384e-52,2515.7969544901002,36,0,0,0,358.5,-137.00340731183167,-5.075698651988007
0,1096,5/4/2014 8:48,5/4/2014 10:12,309.0,27,84.0,-23.0,16.3,306,673,80,82,127,0,0,0.135335283,-2.000000002,-1.4820186,229,484,0.032049033615182784,-3.4404882484824446,0,7.855460621663714e-55,1771.6024545614034,54,1,0,630,338.0,27.87264689807734,-0.2100823269618443
0,177,11/3/2011 22:39,11/3/2011 23:30,1100.0,65,-160.0,-7.0,-40.5,765,946,360,90,125,1,0,0.135335283,-2.000000002,-0.34076715,229,484,0.00657954324294706,-5.023789952019803,0,3.779620696418759e-15,7703.372004665108,22,0,0,0,334.0,131.00518670948128,-4.640984030499203
0,2004,5/30/2016 16:00,5/30/2016 15:48,450.0,35,90.0,30.0,-17.5,309,0,306,290,41,0,0,0.135335283,-2.000000002,-2.1367376,229,484,0.031825599576160095,-3.447484294931056,0,7.775305452434752e-52,2749.1614122439646,25,0,0,0,502.5,51.76737027193735,-0.7246783734104552
0,534,12/27/2012 22:09,12/27/2012 21:28,418.0,27,153.0,15.0,0.5,279,280,330,301,54,0,0,0.135335283,-2.000000002,-1.256271,229,484,0.013559366889604728,-4.3006776871170525,0,2.0204479122902777e-52,2522.8312387953483,14,0,0,0,286.3,73.54563337939024,-1.4626717655964518
0,498,11/9/2012 15:24,11/9/2012 15:12,570.0,27,-11.0,-13.0,4,601,603,175,157,65,0,0,0.135335283,-2.000000002,-2.5990117,229,484,0.019802750815487567,-3.921934420856407,0,5.760908963313823e-50,3617.0127256723,20,0,0,752,345.5,-77.66539248947251,-1.6311284993358066
0,794,11/11/2013 21:48,11/11/2013 21:48,600.0,28,101.0,41.0,1.3,422,427,318,311,113,0,0,0.135335283,-2.000000002,-2.093785,229,484,0.04044740986716537,-3.2077526704780093,0,1.4631332347391062e-49,3838.157793129688,55,0,0,0,457.3,61.56503128923512,-1.0249467489574093
0,1980,5/1/2016 6:24,5/1/2016 6:24,596.0,22,-120.0,37.0,-10,332,357,50,49,87,0,0,0.135335283,-2.000000002,-2.165432,229,484,0.0004437553206775181,-7.720237226987336,0,1.295721593332668e-49,3808.5834375709487,33,0,0,589,365.3,142.91315463461012,-5.523031305466735
0,1117,5/11/2014 21:48,5/11/2014 22:36,421.0,10,-75.0,63.0,52.8,389,1128,103,107,150,0,0,0.135335283,-2.000000002,-2.4260232,229,484,0.002648114849653134,-5.933907269622419,0,2.3026751625731996e-52,2543.9484229802824,57,0,0,892,412.2,-107.1848010926947,-3.106701348101819
0,1139,5/22/2014 15:48,5/22/2014 15:36,504.0,15,71.0,48.0,-8.6,348,0,317,320,66,0,0,0.135335283,-2.000000002,-2.3253987,229,484,0.042475290862787986,-3.15883276358913,0,6.138887655413133e-51,3136.17843910797,63,1,0,244,352.7,48.283728749646336,-0.6304268420685301
0,806,11/28/2013 3:12,11/28/2013 3:24,447.0,26,-55.0,-4.0,12.6,530,586,98,97,106,0,0,0.135335283,-2.000000002,-3.3367014,229,484,0.00044691687276670694,-7.7131379476095665,0,6.88156093911032e-52,2727.8436917922654,33,1,0,950,283.5,-135.6993346795665,-4.979532026088966
0,292,3/18/2012 0:39,3/18/2012 0:24,1450.0,60,105.0,25.0,-8.2,1148,1194,360,300,62,1,0,0.135335283,-2.000000002,-1.4352028,229,484,0.612365417122298,-0.49042608785407,948000.0000000005,1.2511314906517376e-13,10555.0123113512,19,0,0,0,638.0,71.1158166310503,-1.3676201663334695
0,1511,2/27/2015 6:36,2/27/2015 6:36,255.0,30,44.0,0.0,-23.5,116,0,276,266,58,0,0,0.135335283,-2.000000002,-2.0696673,229,484,0.02888976910589537,-3.5442677567167764,0,2.2262185507128433e-56,1413.0222040153985,35,0,0,160,352.5,-21.01832216318559,-0.11946183519617594
0,1145,5/26/2014 1:48,5/26/2014 2:36,350.0,20,89.0,-6.0,-6.6,443,448,14,19,91,0,0,0.135335283,-2.000000002,-1.6943344,229,484,0.03594428897720423,-3.325785067595911,0,7.798807497374843e-54,2050.276604069211,62,1,0,492,384.7,29.975604784332504,-0.24297914607531035
0,1859,12/23/2015 3:12,12/23/2015 2:48,263.0,41,-3.0,-60.0,1.7,95,202,181,167,68,0,0,0.135335283,-2.000000002,-1.8968794,229,484,0.008146674463701247,-4.8101454762645055,0,3.9581441563779378e-56,1465.4765104627522,34,1,0,501,462.2,-72.31519946348044,-1.4141395547439053
0,2239,6/4/2017 15:12,6/4/2017 14:24,268.0,23,-56.0,-14.0,6.7,410,419,114,110,25,0,0,0.135335283,-2.000000002,-1.8450363,229,484,0.001136849081939379,-6.779494806586168,0,5.618915016489256e-56,1498.3845107769096,12,0,0,0,403.0,-112.15483002070161,-3.401488885065568
0,824,12/9/2013 21:18,12/9/2013 19:36,804.0,35,-101.0,35.0,14.7,881,805,67,53,142,0,0,0.135335283,-2.000000002,-1.9344902,229,484,0.0013154237292619243,-6.633596437680957,0,1.6753901511896089e-21,5378.437812419889,31,0,0,0,416.3,-138.4732267579585,-5.185190516160357
0,2206,4/9/2017 17:36,4/9/2017 17:12,127.0,21,109.0,10.0,5.1,251,352,279,273,12,0,0,0.135335283,-2.000000002,-2.104847,229,484,0.007541270583213234,-4.887364598796387,0,3.4661793467528905e-62,615.211759980241,21,0,0,0,471.3,60.86463331497087,-1.0017586772757874
0,1590,4/23/2015 9:36,4/23/2015 9:36,627.0,50,80.0,20.0,-2.7,829,847,360,291,117,1,0,0.135335283,-2.000000002,-1.7140553,229,484,0.09186292948971429,-2.3874577097839955,0,3.2541832701793016e-49,4038.4734809768415,39,0,0,0,435.2,33.4102965116749,-0.30185178826339537
0,154,10/4/2011 13:10,10/4/2011 13:25,1370.0,50,-155.0,35.0,-29.1,906,1025,360,15,128,1,0,0.135335283,-2.000000002,-1.4346826,229,484,0.01901457008463383,-3.962549747132615,0,7.831487881787421e-14,9894.915445786375,33,0,0,0,359.8,129.73954164830872,-4.551743825612014
0,190,11/15/2011 5:36,11/15/2011 5:24,766.0,42,-142.0,3.0,6.5,620,585,60,62,141,0,0,0.135335283,-2.000000002,-2.061782,229,484,0.00028501029562290933,-8.162985253355451,0,4.523325212750758e-24,5087.145542021292,27,1,0,675,370.5,155.96354692403375,-6.577779331834851
0,915,2/1/2014 6:54,2/1/2014 4:00,381.0,29,-130.0,5.0,2.9,249,311,80,112,94,0,0,0.135335283,-2.000000002,-0.69003916,229,484,5.774809780342154e-05,-9.759420147573746,0,3.7029523988446903e-53,2264.206561923273,50,0,0,728,322.8,158.43868280172154,-6.788214226053145
0,1997,5/19/2016 17:00,5/19/2016 16:36,550.0,15,148.0,-2.0,-11.2,63,0,261,262,43,0,0,0.135335283,-2.000000002,-2.2258937,229,484,0.008082990311124371,-4.817993386904367,0,3.009146696614012e-50,3470.455053024584,28,0,0,0,434.8,95.28527298060897,-2.4551874653837666
0,384,6/26/2012 2:00,6/26/2012 4:36,300.0,27,85.0,-34.0,0.5,291,299,126,131,36,0,0,0.135335283,-2.000000002,-1.6627319,229,484,0.021558635907844174,-3.8369788045234565,0,4.549235719876401e-55,1711.1347423968602,23,2,0,600,442.5,46.0791853372492,-0.5741728830028561
0,1879,1/12/2016 12:24,1/12/2016 11:48,318.0,31,-100.0,22.0,0.1,296,295,64,68,40,0,0,0.135335283,-2.000000002,-0.9967804,229,484,0.00023856619652698065,-8.3408637325745,0,1.334470498957474e-54,1832.3323397240963,33,1,0,580,531.0,-137.90680978572928,-5.142857811053899
0,1002,3/16/2014 3:48,3/16/2014 3:36,767.0,35,-34.0,-53.0,0.4,601,600,152,145,122,0,0,0.135335283,-2.000000002,-2.2967095,229,484,0.02021157261227871,-3.901499937022491,0,5.4750447245829974e-24,5094.7873766486855,51,0,0,500,379.7,-92.62271896962424,-2.3198940155018906
0,396,7/2/2012 8:36,7/2/2012 8:36,1100.0,35,-130.0,-10.0,-26.9,878,990,360,85,128,1,0,0.135335283,-2.000000002,-1.0766845,229,484,0.000526569136944802,-7.549127920776062,0,3.779620696418759e-15,7703.372004665108,31,1,0,820,638.0,-162.7914578632635,-7.166321999255461
0,1918,2/24/2016 14:12,2/24/2016 14:00,530.0,25,-112.0,-26.0,-8.3,362,403,128,121,34,0,0,0.135335283,-2.000000002,-2.412426,229,484,0.00014402132182591976,-8.845549201113739,0,1.533866226284771e-50,3324.624813469469,27,0,0,0,330.8,153.97054474130897,-6.410743279593139
0,616,5/26/2013 19:24,5/26/2013 19:12,879.0,46,167.0,21.0,-19.9,387,126,293,319,96,0,0,0.135335283,-2.000000002,-3.7153544,229,484,0.0042863717754576865,-5.452314643868601,0,1.5566431601062894e-18,5958.551925065271,20,0,0,0,598.5,125.71759803322249,-4.273908722348001
0,2130,11/19/2016 7:54,11/19/2016 7:24,491.0,21,-126.0,-5.0,-15.9,253,0,101,91,24,0,0,0.135335283,-2.000000002,-1.4634948,229,484,5.6646608842977885e-05,-9.778678433835822,0,3.8136519759514763e-51,3042.4540667471097,26,0,0,407,327.2,163.2128712771811,-7.203472512315221
0,338,4/27/2012 16:54,4/27/2012 16:24,700.0,25,165.0,7.0,-13.6,515,618,360,277,106,1,0,0.135335283,-2.000000002,-2.6819787,229,484,0.004259352551456262,-5.458638113477709,0,2.797197391616497e-33,4585.756234530383,34,0,0,0,469.3,115.95390224506197,-3.635832191957108
0,1878,1/12/2016 6:12,1/12/2016 6:24,580.0,21,-6.0,-14.0,10.9,226,537,106,105,40,0,0,0.135335283,-2.000000002,-1.4036041,229,484,0.058315487604206795,-2.841887567316904,0,7.902657430494781e-50,3690.55630005347,33,0,0,275,589.0,-46.594290703419155,-0.5870816457963041
0,2071,9/6/2016 6:24,9/6/2016 6:24,539.0,10,160.0,22.0,0.9,383,384,324,318,43,0,0,0.135335283,-2.000000002,-3.1379938,229,484,0.0023841697776996393,-6.038904316836699,0,2.0837546396519822e-50,3390.1566927199497,16,0,0,0,548.0,115.96452503192057,-3.6364983953160985
0,919,2/2/2014 18:12,2/2/2014 17:24,521.0,29,110.0,-39.0,5.2,569,512,208,224,118,0,0,0.135335283,-2.000000002,-1.6538916,229,484,0.031346912878842906,-3.46263948951615,0,1.123084648565076e-50,3259.245771753504,54,1,0,745,388.0,60.67217924590761,-0.9954335679955494
0,630,6/18/2013 1:54,6/18/2013 2:24,1000.0,26,-100.0,-35.0,10.1,514,640,314,314,113,0,0,0.135335283,-2.000000002,-2.2960746,229,484,0.0016186126929011817,-6.426185859032282,0,3.527341651497805e-16,6907.755278982137,17,0,0,0,281.3,144.97289059999528,-5.683379937511682
0,1064,4/16/2014 18:36,4/16/2014 18:00,497.0,16,-110.0,51.0,26.2,815,863,43,37,187,0,0,0.135335283,-2.000000002,-1.7982411,229,484,0.0008685932738575402,-7.048635581552825,0,4.758252157743443e-51,3085.6692429700247,57,0,0,0,313.2,128.9287387776642,-4.495029660032225
0,136,9/19/2011 2:09,9/19/2011 0:24,355.0,40,-126.0,21.0,-8.2,334,315,50,74,142,0,0,0.135335283,-2.000000002,-2.0846577,229,484,5.038309964352488e-05,-9.89585476365403,0,1.0121192825949684e-53,2084.6018152637726,17,0,0,0,411.8,158.9377822237665,-6.8310488421334306
0,1656,6/17/2015 3:12,6/17/2015 0:48,490.0,18,-61.0,30.0,36.7,779,993,324,337,80,0,0,0.135335283,-2.000000002,-1.0719149,229,484,0.00416789383782451,-5.480344445626928,0,3.674574982020145e-51,3035.258641641289,25,0,0,570,512.3,-103.5851797418202,-2.901538524106327
0,1801,10/29/2015 1:25,10/29/2015 2:36,402.0,28,151.0,-15.0,-7.5,431,453,259,251,93,0,0,0.135335283,-2.000000002,-1.193536,229,484,0.011630354784214286,-4.454136806965503,0,9.893655976826248e-53,2410.5737396248464,28,0,0,430,303.2,75.91737096590775,-1.5585308854449034
0,2062,8/15/2016 17:36,8/15/2016 17:24,750.0,20,-107.0,16.0,-9,504,584,75,67,63,0,0,0.135335283,-2.000000002,-3.040924,229,484,0.00014181712850760782,-8.860972157736589,53200.00000000102,1.4972853025991714e-25,4965.054904897767,21,0,0,0,295.5,163.379248197336,-7.218166236215988
0,455,9/16/2012 14:12,9/16/2012 14:00,456.0,28,153.0,32.0,-2.5,219,36,45,38,64,0,0,0.135335283,-2.000000002,-2.6341524,229,484,0.005708316839680887,-5.1658310729051005,0,9.901552526737047e-52,2791.8567211385603,14,0,0,0,405.3,95.46823455904001,-2.4646251513845003
0,1669,7/1/2015 14:36,7/1/2015 14:36,1300.0,45,133.0,3.0,-19.8,1321,1385,360,311,54,1,0,0.135335283,-2.000000002,-1.0398202,229,484,0.28653484729101586,-1.249895119190583,237149.99999999994,4.6450061316327116e-14,9321.155406484517,28,0,0,0,406.3,76.60976343119455,-1.5870891976699824
0,1745,9/2/2015 14:06,9/2/2015 16:24,404.0,35,102.0,29.0,27.5,724,806,348,348,36,0,0,0.135335283,-2.000000002,-1.8487494,229,484,0.027773130188648517,-3.5836862656631796,0,1.0834379057715755e-52,2424.571610696305,31,0,0,676,392.5,50.70647604240762,-0.6952803441425792
0,1156,5/29/2014 9:24,5/29/2014 8:48,292.0,9,71.0,-14.0,-3.7,228,147,251,254,48,0,0,0.135335283,-2.000000002,-1.5052681,229,484,0.03490995486759285,-3.354983250687774,0,2.758916482720765e-55,1657.6121102623383,71,2,0,631,354.0,15.309126796137237,-0.0633773291671734
0,1333,10/6/2014 13:25,10/6/2014 13:25,160.0,22,-53.0,32.0,36.9,462,938,48,58,68,0,0,0.135335283,-2.000000002,-1.8020713,229,484,0.0010372744544719554,-6.871158722772808,0,3.223184115079839e-60,812.0278104374122,38,0,0,0,399.7,-107.14427963746205,-3.1043528012522077
0,627,6/16/2013 1:36,6/16/2013 1:25,350.0,18,86.0,-49.0,4.6,411,446,211,217,104,0,0,0.135335283,-2.000000002,-1.6002287,229,484,0.022750355671570115,-3.7831744997922163,0,7.798807497374843e-54,2050.276604069211,14,0,0,0,327.2,50.89167910816497,-0.7003685782716157
0,55,3/7/2011 20:12,3/7/2011 20:00,1980.0,45,50.0,17.0,-63.1,1862,2034,360,313,138,1,0,0.135335283,-2.000000002,1.6064318,229,484,14.73119024790695,2.6899670315486017,11850000.0,5.288698485052843e-13,15029.88720490339,7,1,0,710,394.7,-18.76564999007739,-0.09522704693079814
0,1456,1/13/2015 5:24,1/13/2015 5:24,560.0,7,70.0,25.0,17.8,584,803,291,295,101,0,0,0.135335283,-2.000000002,-1.579611,229,484,0.07747672348064495,-2.5577777299198092,0,4.1758475269549423e-50,3543.644598888349,33,0,0,880,421.7,29.22556667475028,-0.23097180839920878
0,737,10/11/2013 13:39,10/11/2013 12:48,470.0,24,-33.0,-36.0,-7.4,461,440,142,140,122,0,0,0.135335283,-2.000000002,-1.9276738,229,484,0.007243085295176872,-4.927708017616159,0,1.7190339616010644e-51,2891.784366510929,30,1,0,780,387.3,-91.76047052713591,-2.276902096095559
0,971,2/23/2014 6:48,2/23/2014 6:48,735.0,26,101.0,-14.0,19.2,909,923,262,257,158,0,0,0.135335283,-2.000000002,-1.8166794,229,484,0.08350084687070239,-2.4828985050126584,0,2.908006405918484e-27,4850.904816921435,77,0,0,1061,473.8,53.91632752472696,-0.7860925834920579
0,2165,1/21/2017 5:00,1/21/2017 4:12,531.0,31,129.0,16.0,3.8,425,435,271,285,75,0,0,0.135335283,-2.000000002,-2.2526505,229,484,0.01353872639465021,-4.3022010783556714,0,1.5873939646741868e-50,3331.8986332794693,13,0,0,276,497.2,83.18016644595087,-1.8709951568350707
0,1582,4/18/2015 3:12,4/18/2015 3:12,921.0,38,-102.0,54.0,10.6,1169,1118,52,34,140,0,0,0.135335283,-2.000000002,-1.6144526,229,484,0.008521075017837743,-4.7652127702978575,0,1.6798697455967738e-17,6286.248693391138,37,0,0,250,573.7,-117.57189003659973,-3.7380068487772573
0,387,6/26/2012 19:45,6/26/2012 21:12,380.0,55,-105.0,-27.0,-16.7,256,0,66,64,36,0,0,0.135335283,-2.000000002,-1.3926101,229,484,0.00012118009979673553,-9.018232690906464,0,3.5287794843173354e-53,2257.265076033764,25,1,0,800,380.5,-149.49445539279682,-6.043426769385863
0,667,8/2/2013 14:24,8/2/2013 13:25,750.0,18,30.0,-14.0,-5.6,447,443,242,235,114,0,0,0.135335283,-2.000000002,-2.0853977,229,484,0.11708903544273402,-2.1448206468979056,0,1.4972853025991714e-25,4965.054904897767,22,0,0,0,322.0,-43.0865460955653,-0.502014725377305
0,1430,12/21/2014 1:36,12/21/2014 1:25,300.0,32,-95.0,29.0,-2.6,239,204,60,72,137,0,0,0.135335283,-2.000000002,-2.1068263,229,484,0.00013023827047028597,-8.946144935356832,0,4.549235719876401e-55,1711.1347423968602,32,0,0,0,355.7,-144.9723686540521,-5.683339013836233
0,1432,12/21/2014 21:18,12/21/2014 20:36,259.0,31,91.0,34.0,4.1,414,397,271,288,137,0,0,0.135335283,-2.000000002,-1.9885024,229,484,0.01791799451850208,-4.021949790728101,0,2.9754257426778797e-56,1439.21846798018,31,1,0,300,413.0,47.55511779324426,-0.6115438692075005
0,510,11/20/2012 12:09,11/20/2012 11:24,725.0,30,90.0,5.0,6.7,560,662,270,272,105,0,0,0.135335283,-2.000000002,-1.6102979,229,484,0.1320964201906408,-2.0242231670591955,0,1.2335903123598055e-28,4774.974449769639,26,0,0,0,398.5,32.82774701379496,-0.29141724553859494
0,1979,4/30/2016 17:48,4/30/2016 17:48,338.0,15,-120.0,37.0,9.1,450,544,50,56,89,0,0,0.135335283,-2.000000002,-2.4094968,229,484,0.00017414648468690917,-8.655613746903459,0,4.105501253220129e-54,1968.1895126732604,32,0,0,589,379.5,142.99821585693232,-5.529607825382858
0,357,5/25/2012 0:00,5/24/2012 22:12,580.0,18,53.0,25.0,5.4,651,605,311,294,94,0,0,0.135335283,-2.000000002,-2.0108223,229,484,0.08754924996587438,-2.4355537872101665,0,7.902657430494781e-50,3690.55630005347,19,0,0,0,496.2,25.85354148506574,-0.18074786568956605
0,606,5/10/2013 19:12,5/10/2013 19:12,575.0,35,103.0,18.0,24.8,769,855,297,287,125,0,0,0.135335283,-2.000000002,-1.6539903,229,484,0.051201029368932255,-2.971995642276817,0,6.752034268127851e-50,3653.7627734584767,19,0,0,555,419.8,50.84883073735804,-0.6991897207562163
0,434,8/10/2012 12:10,8/10/2012 10:34,700.0,36,155.0,-12.0,8.8,599,578,230,275,131,0,0,0.135335283,-2.000000002,-1.2228701,229,484,0.02579982568504963,-3.657387543470815,0,2.797197391616497e-33,4585.756234530383,16,0,0,0,314.8,82.36675808827184,-1.8345816219502147
0,1903,2/7/2016 3:48,2/7/2016 3:36,332.0,27,58.0,-11.0,-0.2,229,223,254,266,89,0,0,0.135335283,-2.000000002,-1.8242631,229,484,0.04156725704394438,-3.180442511922913,0,2.952341282605555e-54,1927.304809680274,30,0,0,0,399.7,11.019515021440501,-0.032836590402312835
0,909,1/28/2014 20:10,1/28/2014 20:12,450.0,35,-17.0,-80.0,3.9,226,366,116,116,77,0,0,0.135335283,-2.000000002,-2.372484,229,484,0.008445644472851207,-4.774104417501383,0,7.775305452434752e-52,2749.1614122439646,47,1,1,1030,409.0,-87.09593468203286,-2.0512984959807827
0,1576,4/14/2015 9:12,4/14/2015 9:12,380.0,24,90.0,-4.0,-16,264,0,249,264,105,0,0,0.135335283,-2.000000002,-1.6735716,229,484,0.04609551688358051,-3.0770395813530675,0,3.5287794843173354e-53,2257.265076033764,33,1,1,1075,323.0,19.443766971974906,-0.1022336598324668
0,1085,4/29/2014 17:24,4/29/2014 18:48,616.0,15,-114.0,17.0,-21.1,112,0,26,27,77,0,0,0.135335283,-2.000000002,-1.8049607,229,484,0.0001390074036789639,-8.880983362374614,0,2.3597661895667862e-49,3956.720129536648,50,0,0,310,286.2,158.05968801778062,-6.755777440854014
0,465,9/21/2012 7:30,9/21/2012 6:24,790.0,37,-150.0,41.0,4.1,685,670,360,46,84,1,0,0.135335283,-2.000000002,-1.3312502,229,484,0.0015851250348594603,-6.447091988417594,0,2.512817328961291e-22,5270.906026914243,18,1,1,2319,461.0,135.27291626702325,-4.948286066896994
0,530,12/20/2012 15:09,12/20/2012 13:25,550.0,64,-152.0,12.0,1.5,331,343,95,44,56,0,0,0.135335283,-2.000000002,-2.7517142,229,484,0.00010999908560776461,-9.115038504863094,0,3.009146696614012e-50,3470.455053024584,19,0,0,0,492.3,158.01821443492057,-6.752232583342494
0,170,10/25/2011 7:12,10/25/2011 6:24,380.0,25,-75.0,-4.0,6.4,466,430,88,97,110,0,0,0.135335283,-2.000000002,-1.3909693,229,484,0.0007854670008184106,-7.149232111566833,0,3.5287794843173354e-53,2257.265076033764,22,0,0,0,464.5,-124.24583715678754,-4.1744261900462325
0,341,4/28/2012 23:54,4/29/2012 0:48,610.0,16,-148.0,-33.0,-24.2,361,0,20,21,112,0,0,0.135335283,-2.000000002,-0.88527966,229,484,0.0005842397394655972,-7.44519914658981,0,1.97547361374621e-49,3912.209963872088,37,1,0,475,408.8,139.9766342869621,-5.298393225069209
0,1334,10/6/2014 18:12,10/6/2014 17:12,365.0,39,-60.0,24.0,-6.2,333,297,46,88,68,0,0,0.135335283,-2.000000002,-2.0804424,229,484,0.0013133889893663278,-6.635144467548216,0,1.6856925299061217e-53,2153.4625340576094,39,1,0,160,394.5,-115.48263914203781,-3.6063385460276156
0,720,9/23/2013 20:54,9/23/2013 20:24,667.0,25,113.0,-55.0,-16.4,432,507,218,213,72,0,0,0.135335283,-2.000000002,-1.4916716,229,484,0.042963724144729244,-3.1473991438812017,0,9.452927058640492e-45,4337.3609606257205,34,0,0,371,345.0,66.77591883523208,-1.205793222360601
0,2021,6/20/2016 16:54,6/20/2016 16:24,560.0,42,-147.0,37.0,5.7,599,546,48,36,36,0,0,0.135335283,-2.000000002,-1.7327347,229,484,0.0005413591826777622,-7.521427575798792,0,4.1758475269549423e-50,3543.644598888349,23,1,0,482,431.8,138.59910128684368,-5.194621654278191
0,744,10/18/2013 6:54,10/18/2013 5:12,433.0,38,-55.0,41.0,6.8,563,498,53,30,155,0,0,0.135335283,-2.000000002,-1.6444428,229,484,0.0023357801779398672,-6.059409320353322,0,3.848586737693397e-52,2628.629436225078,30,0,0,0,369.5,-110.05653896467672,-3.275403398832722
0,1088,5/1/2014 8:24,5/1/2014 8:12,258.0,12,-70.0,40.0,-14,247,0,53,46,88,0,0,0.135335283,-2.000000002,-2.1489887,229,484,0.000500044871197966,-7.600812721172758,0,2.76851936897982e-56,1432.6635729097773,51,0,0,375,339.2,-124.42994633573414,-4.186806799652158
0,1651,6/14/2015 7:36,6/14/2015 7:00,760.0,18,-41.0,53.0,-0.4,676,679,29,28,90,0,0,0.135335283,-2.000000002,-0.91615033,229,484,0.02689721922076657,-3.615732372410568,0,1.3667495945921682e-24,5041.322009293087,23,1,0,701,537.2,-86.19170502659232,-2.0089264508899674
0,98,7/9/2011 0:54,7/9/2011 0:48,850.0,33,-30.0,-25.0,11.7,727,747,98,140,49,0,0,0.135335283,-2.000000002,-2.4068666,229,484,0.023500640418087835,-3.750727606369823,0,1.8366077686868821e-19,5733.450897061708,7,0,0,0,346.7,-95.53205949089775,-2.467921684849223
0,1178,6/12/2014 18:39,6/12/2014 17:00,285.0,12,40.0,-51.0,12,470,563,242,237,197,0,0,0.135335283,-2.000000002,-2.0091171,229,484,0.016492305223770747,-4.1048613569251176,0,1.7600207014977643e-55,1610.9594163765655,57,1,0,370,376.5,-53.983599362453646,-0.7880554354045175
0,2235,5/31/2017 9:39,5/31/2017 9:12,303.0,22,104.0,-9.0,1,218,256,258,258,0,0,0,0.135335283,-2.000000002,-1.5110214,229,484,0.02369571532428016,-3.7424610351902294,0,5.468043532079666e-55,1731.2610400693388,9,0,0,421,368.5,42.587592211233165,-0.4904551136696289
0,1449,1/11/2015 0:00,1/10/2015 23:24,200.0,30,-100.0,59.0,-61.5,251,0,107,105,122,0,0,0.135335283,-2.000000002,-2.1237931,229,484,0.0007223473253976564,-7.233004474636209,0,2.3149185976554338e-58,1059.6634733096073,29,0,0,260,489.2,-115.54442543637282,-3.610198553115608
0,536,1/4/2013 9:39,1/4/2013 9:48,360.0,25,30.0,-8.0,5.2,357,446,250,260,150,0,0,0.135335283,-2.000000002,-2.0662928,229,484,0.030043500987256198,-3.505108914693986,0,1.3085773045480118e-53,2118.997451322056,12,0,0,0,325.0,-41.1680029726386,-0.4583029931733857
0,780,11/2/2013 8:24,11/2/2013 8:24,830.0,43,106.0,44.0,-9.2,709,744,312,326,101,0,0,0.135335283,-2.000000002,-2.1386585,229,484,0.1143188694386078,-2.168763634854774,0,3.026503905002218e-20,5578.783331656234,54,1,1,1078,331.5,54.86360928620878,-0.8139577133341737
0,1329,10/2/2014 4:24,10/2/2014 4:24,291.0,42,-93.0,41.0,40,1054,1196,29,2,126,0,0,0.135335283,-2.000000002,-2.7560992,229,484,0.00028263767328628536,-8.171344787022397,0,2.5891177404968296e-55,1650.9370707469045,42,0,0,600,354.3,-134.28313939071296,-4.876138865501797
0,2027,6/28/2016 17:36,6/28/2016 17:24,426.0,17,161.0,-20.0,12.7,311,566,206,222,0,0,0,0.135335283,-2.000000002,-2.2005217,229,484,0.0029400898730042513,-5.829315129049705,0,2.857323052177669e-52,2579.191161510752,23,1,0,677,422.2,105.68047998302539,-3.020109207529105
0,1295,9/7/2014 2:24,9/7/2014 2:24,525.0,30,-55.0,5.0,-10.7,376,303,101,105,165,0,0,0.135335283,-2.000000002,-2.2490175,229,484,0.0022146223821702346,-6.112673372108949,0,1.2908335861494607e-50,3288.2840878606025,39,0,0,456,373.0,-116.33653696184923,-3.6598674505883486
0,1850,12/19/2015 13:25,12/19/2015 13:25,903.0,33,-102.0,23.0,-12.3,698,714,58,59,49,0,0,0.135335283,-2.000000002,-1.543663,229,484,0.0008375158652831897,-7.085070350822762,0,6.601889353173137e-18,6145.567465735538,25,0,0,0,406.2,-148.87025310504242,-5.993064429302161
0,1778,10/7/2015 7:48,10/7/2015 7:36,550.0,30,95.0,-12.0,12.2,996,974,259,253,33,0,0,0.135335283,-2.000000002,-1.6398182,229,484,0.05571543013813613,-2.887498148183816,0,3.009146696614012e-50,3470.455053024584,28,0,0,0,438.3,44.048971091281686,-0.5246922266632152
0,1842,12/8/2015 19:12,12/8/2015 19:24,308.0,22,-46.0,-13.0,1.9,349,407,117,122,60,0,0,0.135335283,-2.000000002,-1.4508333,229,484,0.003901859671357821,-5.546302000688336,0,7.398962457066606e-55,1764.8707331558608,24,0,0,0,492.5,-92.47091921659634,-2.312296079167736
0,19,10/6/2010 7:24,10/6/2010 7:12,360.0,30,-10.0,20.0,7,411,441,6,50,0,0,0,0.135335283,-2.000000002,-2.3612497,229,484,0.008798518243564953,-4.7331719530887915,0,1.3085773045480118e-53,2118.997451322056,4,0,0,0,335.8,-78.96949781237798,-1.6863660315681912
0,1427,12/19/2014 0:27,12/19/2014 1:04,885.0,45,-20.0,-9.0,-57,1052,1331,360,98,175,1,0,0.135335283,-2.000000002,-1.1516219,229,484,0.04720923306190955,-3.0531657898024647,87400.00000000029,2.288373338403278e-18,6005.245065832018,30,0,0,0,360.0,-83.74209689819293,-1.896359868281864
0,307,4/5/2012 17:12,4/5/2012 16:24,322.0,29,97.0,62.0,24.2,638,782,333,337,53,0,0,0.135335283,-2.000000002,-2.2450054,229,484,0.012562252632098718,-4.377058784333929,0,1.6804474784987856e-54,1859.4055976652996,20,0,0,0,350.5,66.4333401740699,-1.1934528628133285
0,775,10/29/2013 15:36,10/29/2013 15:24,710.0,12,85.0,53.0,1.6,742,734,325,317,150,0,0,0.135335283,-2.000000002,-2.0910974,229,484,0.07522299824172018,-2.587298267099647,0,3.6282389052818207e-31,4661.338128725107,53,0,0,900,326.2,54.407910214888,-0.8004923455790465
0,1562,4/5/2015 10:24,4/5/2015 8:48,175.0,24,95.0,-14.0,5.4,286,376,237,243,55,0,0,0.135335283,-2.000000002,-1.8113157,229,484,0.011366286480985012,-4.477103631340826,0,1.8132457201394335e-59,903.8375454366151,30,1,0,1090,531.0,53.16364294247711,-0.7642977098202262
0,613,5/21/2013 2:36,5/21/2013 2:24,800.0,53,166.0,-38.0,-14.8,395,419,205,148,113,0,0,0.135335283,-2.000000002,-1.846782,229,484,0.014788474550697643,-4.21390714816718,0,1.0018285940087801e-21,5347.689382134342,23,0,0,0,368.7,100.86412809388207,-2.751101226646579
0,1612,5/4/2015 3:12,5/4/2015 3:12,407.0,38,-85.0,43.0,-25.6,810,945,360,50,103,1,0,0.135335283,-2.000000002,-2.272993,229,484,0.0007379761787748504,-7.211599011967609,0,1.240510872186046e-52,2445.586966475136,52,0,0,817,384.5,-126.5982087095747,-4.3339930904470085
0,1956,4/8/2016 12:00,4/8/2016 11:48,417.0,22,-6.0,33.0,4.8,374,436,71,59,26,0,0,0.135335283,-2.000000002,-2.425643,229,484,0.012546459545678472,-4.378316761118334,0,1.933866358369384e-52,2515.7969544901002,30,0,0,740,344.7,-75.38406121211841,-1.5367108395977327
0,1184,6/15/2014 13:00,6/15/2014 13:00,900.0,34,85.0,-55.0,8.8,1040,992,195,221,74,0,0,0.135335283,-2.000000002,-1.3082157,229,484,0.1327110465724767,-2.0195810964026952,0,5.5851173273063e-18,6122.15528699188,56,1,0,870,371.8,58.22572109226287,-0.9167751748820945
0,1725,8/15/2015 13:25,8/15/2015 13:25,650.0,21,59.0,21.0,9.4,296,530,128,125,39,0,0,0.135335283,-2.000000002,-1.8274217,229,484,0.1169463726221261,-2.14603980291757,0,6.258088787603373e-49,4210.032035878294,38,0,0,0,464.3,23.01475382023435,-0.14323388139696908
0,2271,8/2/2017 1:25,8/2/2017 1:25,325.0,19,-90.0,30.0,19.4,511,738,58,60,13,0,0,0.135335283,-2.000000002,-2.0486894,229,484,0.000247636535632891,-8.303548468940692,0,1.9937334590976373e-54,1879.7431842571646,17,0,0,0,390.3,-137.74427734159957,-5.130742547420092
0,788,11/7/2013 10:39,11/7/2013 10:36,2100.0,92,-135.0,-13.0,-50.8,1119,1273,360,89,166,1,0,0.135335283,-2.000000002,-1.9546151,229,484,0.03307783666479819,-3.408891808038944,9762600.0,6.061412024363034e-13,16064.35450979418,57,0,0,950,354.2,156.5351896806109,-6.626085886518343
0,36,12/16/2010 9:12,12/16/2010 8:48,480.0,15,45.0,42.0,0.8,590,588,321,333,24,0,0,0.135335283,-2.000000002,-2.0299354,229,484,0.04541213491592881,-3.0919759207530375,0,2.5234663000416664e-51,2963.4173298729297,6,0,0,0,519.0,42.00684059961607,-0.47716999923243725
0,1296,9/7/2014 19:12,9/7/2014 20:24,315.0,27,-25.0,37.0,2.1,196,247,30,21,165,0,0,0.135335283,-2.000000002,-2.2115855,229,484,0.004426355966301482,-5.4201786144007835,0,1.1203622076139783e-54,1812.0603812300744,39,0,0,525,349.7,-90.43039432774204,-2.2113726928801833
0,1671,7/4/2015 20:12,7/4/2015 20:00,626.0,30,-73.0,39.0,-9.4,540,634,42,41,99,0,0,0.135335283,-2.000000002,-1.4097786,229,484,0.004253459941830834,-5.460022523288501,0,3.1612317759147913e-49,4031.0333323086616,27,0,0,0,505.5,-111.64801741785519,-3.3708166017679004
0,1952,4/5/2016 12:36,4/5/2016 12:00,100.0,48,19.0,50.0,9.6,479,476,353,337,33,0,0,0.135335283,-2.000000002,-2.3132286,229,484,0.0066683970047263525,-5.010375777064761,0,2.7588095553657883e-64,460.51701859880916,27,1,0,445,373.5,-61.643761450793264,-1.0275698555441606
0,93,6/19/2011 16:48,6/19/2011 16:48,583.0,24,-50.0,-16.0,-0.9,495,504,120,119,47,0,0,0.135335283,-2.000000002,-1.8674035,229,484,0.004655039423802969,-5.369804899158364,0,8.679410583724622e-50,3712.653129642337,12,0,0,0,393.5,-107.51374153709119,-3.1257989776377633
0,735,10/11/2013 2:24,10/11/2013 1:36,300.0,25,-35.0,44.0,9.1,408,489,21,30,122,0,0,0.135335283,-2.000000002,-1.8500693,229,484,0.004242870584974459,-5.462515214058016,0,4.549235719876401e-55,1711.1347423968602,29,0,0,0,414.7,-90.1916014039188,-2.1997092925374164
0,990,3/11/2014 5:10,3/11/2014 6:48,372.0,8,90.0,-5.0,-1.3,201,122,327,327,111,0,0,0.135335283,-2.000000002,-1.3462926,229,484,0.04594009247317148,-3.080417068811337,0,2.388720781065073e-53,2201.8285137896105,55,0,0,645,310.2,16.853712430237533,-0.07681114729073638
0,597,4/30/2013 0:24,4/30/2013 1:36,435.0,25,135.0,-6.0,20.4,767,699,274,284,150,0,0,0.135335283,-2.000000002,-1.3086581,229,484,0.016516468566803017,-4.103397300883432,0,4.18661662845514e-52,2642.7755235235777,13,0,0,0,352.2,70.0409517417043,-1.3265913793628317
0,573,2/27/2013 6:18,2/27/2013 5:12,621.0,40,91.0,-15.0,2,483,503,159,162,58,0,0,0.135335283,-2.000000002,-1.1936572,229,484,0.10319248383529875,-2.2711592596402914,0,2.732884701433903e-49,3993.8566018806905,24,0,0,900,321.7,24.623148546979433,-0.16395333811969048
0,1581,4/17/2015 4:17,4/17/2015 3:24,250.0,17,63.0,-4.0,6.2,188,402,260,266,117,0,0,0.135335283,-2.000000002,-2.0030553,229,484,0.025154027979815852,-3.682737237017176,0,1.538574252208183e-56,1380.3652294655615,37,0,0,453,685.0,29.78701067086687,-0.23993131549657565
0,532,12/22/2012 4:24,12/22/2012 3:12,400.0,23,-102.0,40.0,5.3,394,389,55,51,78,0,0,0.135335283,-2.000000002,-2.252697,229,484,0.0003715094555475889,-7.897936241781539,0,9.030411862098435e-53,2396.5858188431926,19,0,0,0,397.5,-135.91170635498972,-4.995130320260939
0,1957,4/8/2016 23:13,4/8/2016 23:24,454.0,15,97.0,-24.0,1.7,203,262,86,104,26,0,0,0.135335283,-2.000000002,-1.2639129,229,484,0.04606171426196759,-3.077773167262901,0,9.138304191792528e-52,2777.6161279107723,31,0,0,740,337.0,36.95835595308626,-0.36936724574230034
0,2253,7/2/2017 13:25,7/2/2017 13:25,462.0,13,82.0,8.0,-16,422,179,268,269,13,0,0,0.135335283,-2.000000002,-1.837365,229,484,0.04836537822115728,-3.028971047236422,0,1.2568623796067861e-51,2834.630979679763,16,0,0,0,489.3,35.94373707472706,-0.3493651257158217
0,1114,5/10/2014 21:12,5/10/2014 19:36,207.0,38,-75.0,38.0,9,565,464,56,47,123,0,0,0.135335283,-2.000000002,-2.4111328,229,484,0.0003396362290933931,-7.987635427552286,0,4.4407400010625736e-58,1103.8727902059313,57,0,0,1100,350.2,-127.41400673907549,-4.390029506031686
0,1670,7/2/2015 18:00,7/2/2015 17:48,600.0,32,-114.0,44.0,-3.4,580,611,58,36,75,0,0,0.135335283,-2.000000002,-2.0368772,229,484,0.0007589264067793342,-7.183605746034684,0,1.4631332347391062e-49,3838.157793129688,28,0,0,0,341.5,135.98881480126622,-5.0007998245140834
0,755,10/25/2013 4:36,10/25/2013 4:24,460.0,35,-26.0,67.0,3.4,477,453,357,9,138,0,0,0.135335283,-2.000000002,-2.801377,229,484,0.0068270215688040065,-4.986866781212474,0,1.1612158801623699e-51,2820.3641851622447,33,1,0,365,328.8,-92.22594569393448,-2.3000608596918743
0,1709,7/31/2015 0:24,7/31/2015 0:24,128.0,10,155.0,-21.0,6.7,470,391,239,236,69,0,0,0.135335283,-2.000000002,-2.2082977,229,484,0.001516136995243468,-6.491589629589155,0,4.0513444774774375e-62,621.059873781711,40,1,0,381,408.0,98.23563789398182,-2.609583708068555
0,1495,2/13/2015 4:48,2/13/2015 4:48,724.0,23,-145.0,-7.0,-0.8,458,457,88,116,62,0,0,0.135335283,-2.000000002,-0.8806877,229,484,0.0006654721149095023,-7.3150138219694085,0,8.742222029631208e-29,4767.388968087258,35,0,0,0,323.8,143.6304007369599,-5.578607900448808
0,1939,3/17/2016 23:36,3/18/2016 0:00,169.0,22,90.0,-12.0,13.9,419,649,65,67,72,0,0,0.135335283,-2.000000002,-1.8536522,229,484,0.014923260580455495,-4.204834170518336,0,9.27279709705008e-60,866.9528828219994,26,0,0,482,460.7,41.70903576916669,-0.4704282489977356
0,2210,4/10/2017 23:09,4/10/2017 23:12,483.0,45,-169.0,14.0,-7.2,235,0,360,45,14,1,0,0.135335283,-2.000000002,-0.4541583,229,484,0.0006459186711115593,-7.34483695821939,0,2.826971706140026e-51,2984.9480437141924,23,1,0,445,402.3,132.40692268047061,-4.74083103669879
0,986,3/8/2014 18:36,3/8/2014 18:12,557.0,21,-96.0,-25.0,-4.6,295,258,96,115,116,0,0,0.135335283,-2.000000002,-2.2433896,229,484,0.000279651478807412,-8.181966448645534,0,3.787274384351013e-50,3521.668838639497,54,0,0,0,371.2,-147.01171799998804,-5.844360527124934
0,1339,10/9/2014 16:36,10/9/2014 16:24,324.0,15,-6.0,-16.0,-6,204,0,133,115,59,0,0,0.135335283,-2.000000002,-2.7318208,229,484,0.008162414583142081,-4.8082152489804875,0,1.8836452946712908e-54,1872.9608991167147,40,0,0,204,322.0,-77.68159944894713,-1.631809327459887
0,706,9/11/2013 9:24,9/11/2013 8:48,597.0,32,-114.0,-60.0,10.4,744,668,150,149,60,0,0,0.135335283,-2.000000002,-1.8127785,229,484,0.002294932344305572,-6.077051915509576,0,1.33579032979528e-49,3815.9745166953835,31,0,0,600,380.0,-119.83732008757218,-3.8834459939889756
0,1360,10/26/2014 19:24,10/26/2014 19:36,379.0,37,-100.0,49.0,-0.5,293,281,36,41,132,0,0,0.135335283,-2.000000002,-1.8592577,229,484,0.000563599735892554,-7.481166246547819,0,3.362359461213019e-53,2250.3262217262395,35,0,0,0,359.5,-129.03955859328818,-4.502760325027218
0,2109,10/24/2016 21:24,10/24/2016 21:12,280.0,24,90.0,23.0,8.5,385,494,292,297,15,0,0,0.135335283,-2.000000002,-1.8236458,229,484,0.02359521101511305,-3.7467115106306785,0,1.2675694395491151e-55,1577.7410888873899,24,0,0,462,398.2,39.028539154432465,-0.4119055891100779
0,1429,12/20/2014 1:25,12/20/2014 1:25,964.0,25,23.0,-43.0,-8.5,743,811,216,197,138,0,0,0.135335283,-2.000000002,-2.0842378,229,484,0.17062209900481365,-1.7683041153570418,0,1.0514211250796319e-16,6623.732008004566,31,0,0,337,348.2,-57.558939538590856,-0.8958981938364408
0,927,2/5/2014 2:12,2/5/2014 1:48,300.0,22,101.0,-26.0,15.4,518,636,249,256,167,0,0,0.135335283,-2.000000002,-1.3325878,229,484,0.02326680501910487,-3.760727611519734,0,4.549235719876401e-55,1711.1347423968602,59,2,0,570,349.5,42.91053960994661,-0.4979216899991339
0,507,11/16/2012 1:25,11/16/2012 0:48,643.0,47,-96.0,-14.0,-7.7,569,620,360,107,142,1,0,0.135335283,-2.000000002,-1.2653775,229,484,0.000326461873181551,-8.027197390395534,0,5.141585555300539e-49,4157.731057684789,26,0,0,0,409.3,-148.9463327910409,-5.999191468874934
0,549,1/28/2013 23:48,1/28/2013 21:49,350.0,27,157.0,-37.0,3.3,286,286,216,209,61,0,0,0.135335283,-2.000000002,-1.8223472,229,484,0.003816577714101151,-5.568401144270639,0,7.798807497374843e-54,2050.276604069211,13,0,0,0,384.3,95.87351633130831,-2.4855952227500384
0,1969,4/21/2016 0:09,4/20/2016 22:24,283.0,10,-109.0,7.0,-0.7,267,248,72,78,26,0,0,0.135335283,-2.000000002,-2.986404,229,484,1.5179464732299901e-05,-11.095567047995305,0,1.5446020260046248e-55,1597.6614720330363,26,0,0,0,362.7,-169.52649658889155,-7.771561126474705
0,918,2/2/2014 9:36,2/2/2014 8:48,745.0,67,140.0,-20.0,-2.9,552,571,261,235,118,0,0,0.135335283,-2.000000002,-1.954244,229,484,0.03263041205273382,-3.4225105404231186,0,4.4118491573286327e-26,4926.971242692772,53,1,0,474,382.7,80.7142099057007,-1.7617046189025183
0,1187,6/16/2014 10:24,6/16/2014 11:36,549.0,18,19.0,62.0,14.9,677,713,353,348,84,0,0,0.135335283,-2.000000002,-2.431427,229,484,0.02398530708024824,-3.730313841097842,0,2.911180091833321e-50,3463.146044388732,56,1,0,900,351.8,-71.0192332160566,-1.3639079195772412
0,106,8/2/2011 6:40,8/2/2011 6:36,900.0,35,15.0,4.0,-15.5,554,596,288,285,95,0,0,0.135335283,-2.000000002,-0.86732215,229,484,0.24431925780283206,-1.4092794753240907,974999.9999999997,5.5851173273063e-18,6122.15528699188,8,0,0,0,473.0,-33.66510362326703,-0.3064735538034902
0,1864,12/30/2015 3:12,12/30/2015 1:48,444.0,17,44.0,-19.0,11.8,498,529,232,243,37,0,0,0.135335283,-2.000000002,-1.9078379,229,484,0.05394563584499687,-2.9197784831357607,0,6.085432405647984e-52,2706.5461057199077,32,0,0,0,374.0,-25.466207665313313,-0.17537256161516024
0,1241,7/30/2014 1:25,7/30/2014 1:25,510.0,19,-96.0,49.0,-9.8,334,213,68,49,122,0,0,0.135335283,-2.000000002,-2.4802032,229,484,0.0008602632644027524,-7.058272094163766,0,7.615321278211723e-51,3179.5494701163693,35,0,0,195,322.8,-129.73558458046284,-4.551466172643166
0,1770,9/27/2015 0:36,9/27/2015 0:00,421.0,10,-88.0,1.0,8.4,478,611,86,86,169,0,0,0.135335283,-2.000000002,-1.3802342,229,484,0.00024977001498794856,-8.29497000355477,0,2.3026751625731996e-52,2543.9484229802824,32,0,0,0,422.8,-142.19631350834086,-5.46776408203417
0,1593,4/24/2015 20:48,4/24/2015 20:36,1020.0,38,127.0,36.0,-17.5,424,408,315,311,83,0,0,0.135335283,-2.000000002,-1.7550828,229,484,0.13781035381796852,-1.981876786665185,0,6.268660032558749e-16,7066.109064403883,42,1,0,962,366.8,69.63002268637196,-1.3110708651445846
0,1205,6/29/2014 12:39,6/29/2014 12:36,750.0,30,-138.0,-10.0,-2.5,522,518,79,97,93,0,0,0.135335283,-2.000000002,-1.7451048,229,484,0.000380843999804048,-7.873120716018047,0,1.4972853025991714e-25,4965.054904897767,48,0,0,0,334.5,151.78835301185515,-6.230314794497446
0,1926,3/10/2016 15:24,3/10/2016 15:42,535.0,25,-107.0,-13.0,10.3,654,661,98,106,80,0,0,0.135335283,-2.000000002,-2.448814,229,484,4.835588341385927e-05,-9.93692265962381,0,1.8196589775013074e-50,3361.0127095893636,17,0,0,0,325.2,-166.76148145631734,-7.52011673810321
0,1610,5/3/2015 15:12,5/3/2015 15:12,577.0,27,-107.0,-21.0,-13.5,438,325,120,120,44,0,0,0.135335283,-2.000000002,-2.044609,229,484,0.0001575913640998227,-8.75550517836279,0,7.191873810489674e-50,3668.4749877751738,50,0,0,817,388.7,-154.91819599970307,-6.4898992568421905
0,968,2/21/2014 16:00,2/21/2014 16:00,840.0,60,-114.0,-6.0,-61.9,834,1140,360,139,136,1,0,0.135335283,-2.000000002,-1.6657381,229,484,0.00024041969167858847,-8.333124446517287,0,7.752567332462569e-20,5656.057589143382,76,1,0,585,477.5,-161.05573540063,-7.014318524996686
0,383,6/26/2012 0:00,6/26/2012 0:00,600.0,11,-116.0,40.0,-0.7,220,191,118,128,36,0,0,0.135335283,-2.000000002,-1.3955092,229,484,0.000622459049828007,-7.381832715198059,0,1.4631332347391062e-49,3838.157793129688,22,1,0,410,436.2,-138.65785618932395,-5.199026793677459
0,321,4/17/2012 8:12,4/17/2012 8:48,580.0,20,-103.0,-15.0,-6.1,483,499,114,107,79,0,0,0.135335283,-2.000000002,-2.7967954,229,484,8.352184808773729e-05,-9.390402306587479,0,7.902657430494781e-50,3690.55630005347,28,0,0,1250,338.2,-162.44209870589987,-7.135596385066878
0,252,1/12/2012 4:00,1/12/2012 4:24,315.0,15,-130.0,5.0,6,343,441,79,79,52,0,0,0.135335283,-2.000000002,-2.9313765,229,484,1.1207420359200425e-05,-11.39893446696924,0,1.1203622076139783e-54,1812.0603812300744,25,0,0,0,430.3,174.03188030090658,-8.19012854544864
0,173,10/28/2011 1:09,10/27/2011 23:14,320.0,30,130.0,-33.0,5.4,403,394,225,229,101,0,0,0.135335283,-2.000000002,-1.6260507,229,484,0.009948403718884759,-4.610343170944785,0,1.498061491438007e-54,1845.862718654007,25,0,0,730,375.3,72.45307963344716,-1.4195372494241847
0,110,8/8/2011 18:00,8/8/2011 18:12,850.0,20,60.0,0.0,-42.3,1090,1207,305,281,70,0,0,0.135335283,-2.000000002,-0.9584351,229,484,0.24376167273218574,-1.4115642821187364,672000.0000000003,1.8366077686868821e-19,5733.450897061708,10,0,0,0,600.3,21.820825316470227,-0.12875836059813628
0,289,3/15/2012 8:39,3/15/2012 9:24,500.0,28,-17.0,14.0,-5.8,439,374,52,35,88,0,0,0.135335283,-2.000000002,-1.4506481,229,484,0.03250242176819504,-3.4264406764781574,0,5.3095603255963777e-51,3107.304049211096,17,0,0,0,587.3,-57.16363637692276,-0.8836347549575573
0,243,12/30/2011 19:39,12/30/2011 19:12,450.0,33,-169.0,60.0,48.7,1231,1277,2,351,93,0,0,0.135335283,-2.000000002,-1.6110373,229,484,0.002803259987092547,-5.876972257946122,0,7.775305452434752e-52,2749.1614122439646,36,0,0,0,364.8,108.0004958882207,-3.154166336425521
0,63,4/7/2011 6:12,4/7/2011 5:48,550.0,38,-20.0,-5.0,14,686,652,49,112,81,0,0,0.135335283,-2.000000002,-1.5120033,229,484,0.032401270961103845,-3.4295576297586563,0,3.009146696614012e-50,3470.455053024584,7,0,0,0,536.8,-62.80802350865955,-1.066751708238056
0,1839,12/6/2015 12:24,12/6/2015 12:12,321.0,17,95.0,8.0,6,450,464,282,277,54,0,0,0.135335283,-2.000000002,-1.9941137,229,484,0.01961704766460395,-3.931356311977737,0,1.5867835698771055e-54,1852.6326005247352,22,1,0,222,533.3,52.4582514377909,-0.7441503904571365
0,1222,7/10/2014 7:24,7/10/2014 7:12,1015.0,54,116.0,-6.0,-9.7,848,884,320,268,161,0,0,0.135335283,-2.000000002,-1.5757296,229,484,0.2103673804547667,-1.5588998459992587,0,5.460370054661905e-16,7026.483549848026,50,0,0,662,385.3,56.72395730837261,-0.8700939244786584
0,937,2/10/2014 1:26,2/10/2014 1:26,400.0,13,-118.0,19.0,5.5,404,469,79,65,137,0,0,0.135335283,-2.000000002,-1.931458,229,484,6.726721381420455e-05,-9.606837604738951,0,9.030411862098435e-53,2396.5858188431926,67,0,0,715,461.8,-157.45319674284627,-6.70403168321835
0,37,12/23/2010 5:24,12/23/2010 5:00,305.0,32,30.0,-13.0,7.2,449,439,241,226,17,0,0,0.135335283,-2.000000002,-2.2989788,229,484,0.022364248542820386,-3.80029164235685,0,6.174999246312727e-55,1744.6950918652606,7,0,0,0,310.5,-45.32313091184733,-0.5554857208362496
0,2087,9/27/2016 8:00,9/27/2016 7:24,348.0,17,80.0,25.0,12.1,276,547,307,307,26,0,0,0.135335283,-2.000000002,-1.9408438,229,484,0.027745036056815674,-3.5846983356262494,0,7.019041600282656e-54,2036.5664629615171,23,1,0,307,519.8,42.77116490537394,-0.49469241410564924
0,2164,1/20/2017 5:24,1/20/2017 5:24,276.0,26,105.0,21.0,-3.9,256,146,238,242,56,0,0,0.135335283,-2.000000002,-2.283981,229,484,0.011023552492574399,-4.5077211594594635,0,9.70504458611462e-56,1551.2306389379332,13,0,0,429,553.3,65.45371914488828,-1.158515237938863
0,1190,6/17/2014 9:12,6/17/2014 9:12,1000.0,35,105.0,-55.0,-11.1,1127,1168,360,229,95,1,0,0.135335283,-2.000000002,-1.2163441,229,484,0.15379842567397037,-1.8721124581530333,0,3.527341651497805e-16,6907.755278982137,59,0,0,654,361.8,64.62333612919359,-1.129306536632433
0,713,9/17/2013 14:54,9/17/2013 14:48,387.0,25,79.0,18.0,8.6,545,482,308,287,52,0,0,0.135335283,-2.000000002,-1.7959144,229,484,0.04464016081756246,-3.109121358371609,0,4.930770449489867e-53,2305.9103562025257,32,0,0,0,367.2,24.287611769686805,-0.15951543685100839
0,1482,2/3/2015 12:48,2/3/2015 12:36,980.0,20,-40.0,23.0,30.8,1004,1057,60,53,89,0,0,0.135335283,-2.000000002,-1.2445505,229,484,0.07393753072432818,-2.604534721699027,0,1.8569158375328755e-16,6749.801520231325,36,0,0,600,564.5,-81.35365451569967,-1.7897288001784266
0,454,9/15/2012 8:12,9/15/2012 5:12,560.0,28,-110.0,-30.0,13.3,554,571,126,124,61,0,0,0.135335283,-2.000000002,-2.0356176,229,484,0.0003007867593802383,-8.109108984875235,0,4.1758475269549423e-50,3543.644598888349,13,0,0,0,426.7,-146.22912407685905,-5.782303063354635
0,2192,3/28/2017 2:12,3/28/2017 2:48,259.0,26,78.0,-11.0,3,220,266,268,274,57,0,0,0.135335283,-2.000000002,-2.0342298,229,484,0.018773984663455808,-3.975283161971058,0,2.9754257426778797e-56,1439.21846798018,10,1,0,337,687.2,45.704660978786315,-0.5648772404504576
0,558,2/8/2013 23:12,2/8/2013 23:12,436.0,26,143.0,-27.0,14.6,653,753,243,261,59,0,0,0.135335283,-2.000000002,-2.0312965,229,484,0.006585755309460901,-5.022846248851943,0,4.36595948310181e-52,2649.852018100179,18,0,0,0,443.8,91.2094837748318,-2.2496403273313423
0,217,12/7/2011 5:36,12/7/2011 5:36,607.0,39,169.0,32.0,0.6,468,473,324,327,132,0,0,0.135335283,-2.000000002,-1.5109855,229,484,0.01242577411236766,-4.387982406133934,0,1.8062740242930056e-49,3889.9769761731154,37,0,0,669,293.7,90.81812726598201,-2.230376484613333
0,1499,2/19/2015 6:48,2/19/2015 5:48,309.0,30,-75.0,7.0,19.7,809,729,84,83,89,0,0,0.135335283,-2.000000002,-1.9974813,229,484,0.0003748447615174226,-7.888998586989676,0,7.855460621663714e-55,1771.6024545614034,32,0,0,530,404.7,-131.25347872305954,-4.658592665469076
0,1243,7/30/2014 10:36,7/30/2014 10:24,425.0,39,-131.0,35.0,-7.4,139,0,36,38,122,0,0,0.135335283,-2.000000002,-1.5608382,229,484,0.00030364022766125415,-8.099667019042393,0,2.737187029132154e-52,2572.137896792877,36,1,0,620,326.8,139.82421942795028,-5.286861097521793
0,578,3/15/2013 6:54,3/15/2013 7:12,1485.0,66,-2.0,-3.0,25.8,1247,1161,360,112,111,1,0,0.135335283,-2.000000002,0.82873863,229,484,1.301525393044792,0.2635369558613025,12093000.000000002,1.485168405489973e-13,10845.207526086648,16,0,0,0,456.2,-52.29963708709385,-0.7396571226180969
0,359,5/26/2012 5:09,5/26/2012 4:48,430.0,30,52.0,-37.0,7,352,452,289,291,80,0,0,0.135335283,-2.000000002,-1.7141509,229,484,0.042092805288595214,-3.1678784486559786,0,3.389479925723268e-52,2607.427639735671,21,0,0,177,412.8,-37.143265948845006,-0.37307252713537825
0,1500,2/20/2015 9:12,2/20/2015 8:24,300.0,27,12.0,-65.0,44.7,483,1061,336,344,64,0,0,0.135335283,-2.000000002,-2.101567,229,484,0.008172493602869294,-4.806981202129226,0,4.549235719876401e-55,1711.1347423968602,31,0,0,0,348.0,-75.5669252232132,-1.5441752806086253
0,1350,10/17/2014 16:00,10/17/2014 15:48,700.0,9,-75.0,-9.0,-61.2,80,0,100,96,64,0,0,0.135335283,-2.000000002,-1.3655136,229,484,0.001879960983168294,-6.276504255989525,0,2.797197391616497e-33,4585.756234530383,43,1,0,300,425.2,-128.33462681936658,-4.453698334468925
0,878,1/16/2014 14:00,1/16/2014 13:25,443.0,17,68.0,-39.0,0.3,421,419,225,222,80,0,0,0.135335283,-2.000000002,-1.5888089,229,484,0.041341233090470025,-3.185894897150381,0,5.839974392957385e-52,2699.451408129995,35,1,0,406,400.8,40.240693730090285,-0.4378889756297803
0,1355,10/21/2014 17:48,10/21/2014 17:24,300.0,20,-34.0,-27.0,-19.3,105,0,178,140,107,0,0,0.135335283,-2.000000002,-1.488517,229,484,0.00794226103268699,-4.83555727943886,0,4.549235719876401e-55,1711.1347423968602,39,0,0,500,565.3,-76.26293019273338,-1.5727513579182597
0,2213,4/13/2017 17:54,4/13/2017 17:36,412.0,22,136.0,4.0,1.2,297,311,263,266,25,0,0,0.135335283,-2.000000002,-2.0391755,229,484,0.009919464373227665,-4.613256353777427,0,1.5510062387275373e-52,2480.661619932005,26,0,0,0,413.0,80.52949334551747,-1.7536504322568258
0,2250,6/20/2017 6:48,6/20/2017 6:24,530.0,33,-84.0,16.0,20.9,905,844,82,76,31,0,0,0.135335283,-2.000000002,-2.3285232,229,484,0.0004025500383466664,-7.817691149958901,0,1.533866226284771e-50,3324.624813469469,20,0,0,0,381.7,-141.08830417424699,-5.382885228438301
0,538,1/6/2013 5:48,1/6/2013 6:00,520.0,40,135.0,-10.0,33.3,520,912,267,245,160,0,0,0.135335283,-2.000000002,-0.76574206,229,484,0.03058055879497238,-3.487390805431288,0,1.0844869277536546e-50,3251.990982019246,12,0,0,0,309.0,61.31338272108073,-1.0165848839106872
0,151,9/30/2011 19:54,9/30/2011 20:00,1500.0,45,-120.0,0.0,40.7,396,1037,77,62,116,0,0,0.135335283,-2.000000002,-3.4356928,229,484,0.0011169801435044924,-6.7971265356828985,0,1.5900309589691883e-13,10969.830580635453,32,0,0,0,454.5,-170.4267515127017,-7.854320614162297
0,1417,12/6/2014 21:48,12/6/2014 21:48,250.0,30,175.0,70.0,4,366,351,11,354,57,0,0,0.135335283,-2.000000002,-2.9075174,229,484,0.0015901819458981608,-6.443906837914277,0,1.538574252208183e-56,1380.3652294655615,34,0,0,0,668.2,105.34738339808833,-3.0011009163936766
0,1506,2/24/2015 6:00,2/24/2015 6:12,300.0,15,-6.0,5.0,-0.3,235,227,243,264,44,0,0,0.135335283,-2.000000002,-1.8077071,229,484,0.017496265791335338,-4.045767804174401,0,4.549235719876401e-55,1711.1347423968602,34,1,0,204,481.0,-53.80885653917725,-0.7829618826538015
0,1346,10/14/2014 19:00,10/14/2014 18:48,820.0,52,-110.0,-11.0,14.9,999,925,360,90,74,1,0,0.135335283,-2.000000002,-1.43999,229,484,0.0002637319686130655,-8.240577240959114,0,1.081093162744836e-20,5501.629559011804,42,0,0,0,439.2,-159.15544080955456,-6.849771319438514
0,1426,12/17/2014 5:00,12/17/2014 5:00,603.0,29,5.0,-30.0,-2.1,559,571,360,162,178,1,0,0.135335283,-2.000000002,-1.4579804,229,484,0.04662868879076072,-3.0655392879919496,22499.99999999992,1.6018790496282327e-49,3860.356069626493,30,1,1,1103,404.7,-57.4829225875916,-0.8935333664713491
0,1962,4/12/2016 2:24,4/12/2016 2:00,380.0,44,-173.0,-16.0,1.8,307,316,150,186,37,0,0,0.135335283,-2.000000002,-1.4422979,229,484,0.0007969086075128671,-7.134770556372993,0,3.5287794843173354e-53,2257.265076033764,31,0,0,0,373.3,124.03043666650596,-4.159964634852392
0,2131,11/19/2016 9:48,11/19/2016 10:00,585.0,19,-127.0,1.0,26.7,389,828,83,90,24,0,0,0.135335283,-2.000000002,-1.1680374,229,484,7.849754784998866e-05,-9.452443171243576,0,9.236706807637482e-50,3727.3929306306363,27,1,0,491,329.2,163.3506245763253,-7.215637249722977
0,1706,7/25/2015 15:12,7/25/2015 15:12,515.0,22,110.0,65.0,-8.8,842,820,348,335,34,0,0,0.135335283,-2.000000002,-2.4975245,229,484,0.017807550686499505,-4.0281327157589715,0,9.09568188643904e-51,3215.7459538418243,38,0,0,400,405.8,75.44819736145786,-1.5393267942383713
0,336,4/23/2012 18:09,4/23/2012 18:24,590.0,23,-13.0,-16.0,-1.1,519,510,360,234,138,1,0,0.135335283,-2.000000002,-1.792807,229,484,0.024303111466677966,-3.7171508929363415,0,1.0781444654991174e-49,3764.272296770861,39,0,0,0,377.0,-74.43708554407145,-1.4983449714157413
0,891,1/21/2014 21:39,1/21/2014 21:17,1800.0,40,-160.0,-5.0,-24.1,923,963,118,124,129,0,0,0.135335283,-2.000000002,-1.063025,229,484,0.01744496146717576,-4.048704413163509,0,3.9481440049515633e-13,13491.975498991662,44,0,0,740,474.0,151.24633093763126,-6.185898491642908
0,1134,5/19/2014 23:24,5/19/2014 23:12,220.0,22,-78.0,-1.0,12,386,545,92,88,102,0,0,0.135335283,-2.000000002,-2.311336,229,484,9.342530889325152e-05,-9.278348276274922,0,1.4013056374853362e-57,1186.5980601975195,64,0,0,370,339.3,-145.53505291812513,-5.727542354754322
0,1271,8/22/2014 17:00,8/22/2014 16:24,457.0,30,29.0,19.0,-8.6,219,0,280,300,125,0,0,0.135335283,-2.000000002,-2.3748305,229,484,0.04179248316379634,-3.175038784239843,0,1.030537176301254e-51,2798.9803096386518,37,1,0,444,341.0,-42.01840937417504,-0.4774328627192431
0,1959,4/9/2016 20:30,4/9/2016 19:36,263.0,26,23.0,-29.0,0,207,207,180,171,25,0,0,0.135335283,-2.000000002,-2.4157481,229,484,0.016202355852433636,-4.122598624326966,0,3.9581441563779378e-56,1465.4765104627522,31,1,0,454,336.8,-51.835700197623844,-0.7265927028063657
